1 0 0 0 0 
0.651356 0.348644 0 0 0 
0 0.745829 0.254171 0 0 
0 0 0.881178 0.118822 0 
0 0 0 0.888274 0.111726 
0 0 0 0 1 
1e-020 1e-020 1e-020 0.1 1e-020 1e-020 1e-020 0.1 1e-020 1e-020 1e-020 1e-020 1e-020 1e-020 1e-020 0.035277 1e-020 1e-020 1e-020 1e-020 1e-020 1e-020 1e-020 0.464723 1e-020 1e-020 1e-020 0.1 1e-020 1e-020 1e-020 0.2 
1e-020 1e-020 1e-020 0.1 1e-020 1e-020 1e-020 9e-021 9e-021 1e-020 1e-020 1e-020 1e-020 1e-020 1e-020 0.2 1e-020 1e-020 1e-020 9e-021 1e-020 1e-020 1e-020 0.5 1e-020 1e-020 9e-021 0.163632 1e-020 1e-020 1e-020 0.0363681 
1e-020 1e-020 1e-020 0.1 1e-020 1e-020 1e-020 1e-020 8e-021 1e-020 1e-020 7e-021 1e-020 1e-020 1e-020 0.585714 1e-020 1e-020 1e-020 6e-021 1e-020 1e-020 1e-020 0.1 1e-020 1e-020 6e-021 0.114286 1e-020 1e-020 1e-020 0.1 
5e-021 1e-020 1e-020 0.0268706 1e-020 1e-020 1e-020 1e-020 0.0931294 1e-020 8e-021 0.151499 1e-020 1e-020 1e-020 3e-021 1e-020 1e-020 1e-020 0.205476 1e-020 1e-020 1e-020 0.0625 1e-020 1e-020 0.279037 0.156416 1e-020 1e-020 1e-020 0.0250721 
0.232599 1e-020 1e-020 0.0426476 1e-020 1e-020 1e-020 1e-020 0.11701 1e-020 0.190648 0.00363552 1e-020 1e-020 1e-020 0.00363552 0.00322581 1e-020 0.00260915 7e-021 1e-020 1e-020 1e-020 0.0545328 1e-020 1e-020 0.313831 6e-021 1e-020 1e-020 0.0283538 0.00727104 
