1 0 0 0 0 
0.8563 0.1437 0 0 0 
0 0.452983 0.547017 0 0 
0 0 0.591904 0.408096 0 
0 0 0 0.934206 0.0657943 
0 0 0 0 1 
4e-021 1e-020 0.0613757 1e-020 9e-021 8e-021 1e-020 1e-020 9e-021 1e-020 0.669181 1e-020 9e-021 1e-020 1e-020 1e-020 1e-020 1e-020 0.269443 1e-020 1e-020 8e-021 1e-020 1e-020 1e-020 9e-021 1e-020 1e-020 9e-021 1e-020 1e-020 1e-020 
0.35 0.1 0.0923077 1e-020 8e-021 7e-021 1e-020 1e-020 0.2 9e-021 0.1 1e-020 0.05 0.0666667 1e-020 1e-020 1e-020 9e-021 0.00769231 1e-020 1e-020 0.0333333 1e-020 1e-020 1e-020 7e-021 1e-020 1e-020 9e-021 1e-020 1e-020 1e-020 
0.309091 3e-021 9e-021 1e-020 0.125074 0.1 1e-020 1e-020 9e-021 1.69723e-017 0.0272727 1e-020 2.70928e-016 0.0333333 1e-020 9e-021 1e-020 8.20665e-018 9e-021 1e-020 1e-020 0.1 1e-020 1e-020 1e-020 0.305229 1e-020 1e-020 9e-021 1e-020 1e-020 1e-020 
5e-021 0.400098 1e-020 1e-020 4.70086e-019 0.190204 1e-020 9e-021 1e-020 0.19913 7e-021 1e-020 1e-020 9e-021 1e-020 8e-021 1e-020 0.134532 1e-020 8e-021 1e-020 8e-021 1e-020 8e-021 1e-020 0.0691819 0.00463555 9e-021 0.00221778 9.3802e-021 1e-020 1e-020 
0.0716671 0.00716196 1e-020 0.00392157 0.0331564 8.64185e-021 1e-020 0.0695112 0.139616 5.0759e-021 0.167604 0.0103448 0.00204082 1e-020 0.0015625 0.0470466 0.0149476 9e-021 0.0595929 0.107989 1e-020 0.0103448 1e-020 0.112464 0.00577342 9e-021 0.0906883 0.0364583 1e-020 0.00810811 1e-020 1e-020 
