1 0 0 0 0 
0.672859 0.327141 0 0 0 
0 0.864042 0.135958 0 0 
0 0 0.45495 0.54505 0 
0 0 0 0.820792 0.179208 
0 0 0 0 1 
0.05 1e-020 0.164285 1e-020 1e-020 1e-020 1e-020 1e-020 1e-020 1e-020 0.487747 1e-020 9e-021 9e-021 1e-020 1e-020 1e-020 1e-020 0.197968 1e-020 1e-020 1e-020 0.05 1e-020 0.05 1e-020 1e-020 1e-020 9e-021 1e-020 1e-020 1e-020 
6e-021 1e-020 0.238194 1e-020 1e-020 1e-020 1e-020 1e-020 0.00434783 1e-020 0.637569 1e-020 9e-021 9e-021 1e-020 1e-020 1e-020 1e-020 0.11989 1e-020 1e-020 9e-021 9e-021 1e-020 9e-021 1e-020 1e-020 1e-020 6e-021 9e-021 1e-020 1e-020 
0.21202 1e-020 5e-021 1e-020 9e-021 1e-020 1e-020 1e-020 0.12 1e-020 0.14404 1e-020 0.05 7e-021 1e-020 1e-020 1e-020 1e-020 0.0119193 1e-020 9e-021 9e-021 1e-020 1e-020 1e-020 1e-020 1e-020 1e-020 0.46202 8e-021 1e-020 1e-020 
0.1 1e-020 6e-021 1e-020 0.005 7e-021 1e-020 1e-020 1e-020 9e-021 5e-021 1e-020 0.0555556 0.263751 1e-020 1e-020 8e-021 9e-021 7e-021 1e-020 0.226477 6e-021 1e-020 1e-020 1e-020 1e-020 1e-020 1e-020 0.1 0.249217 1e-020 1e-020 
0.404788 0.0112135 1e-020 1e-020 0.0764401 0.032084 1e-020 1e-020 0.0129408 0.00967742 0.061642 1e-020 0.0166667 0.012565 1e-020 1e-020 0.078526 0.0327674 1e-020 1e-020 0.0385965 0.202569 1e-020 1e-020 1e-020 1e-020 1e-020 1e-020 9e-021 0.00952381 1e-020 1e-020 
