1 0 0 0 0 
0.636951 0.363049 0 0 0 
0 0.5751 0.4249 0 0 
0 0 0.620231 0.379769 0 
0 0 0 0.93548 0.0645196 
0 0 0 0 1 
0.115385 7e-021 1e-020 0.0142857 9e-021 9e-021 1e-020 0.178571 0.0142857 7e-021 1e-020 1e-020 1e-020 1e-020 1e-020 1e-020 0.275824 9e-021 1e-020 0.123077 1e-020 6e-021 1e-020 1.43894e-009 0.278571 9e-021 1e-020 9e-021 1e-020 1e-020 1e-020 1e-020 
3.50303e-011 0.2 1e-020 0.1 0.071697 8e-021 1e-020 0.178895 0.107966 6e-021 1e-020 1e-020 0.00796633 9e-021 1e-020 1e-020 7e-021 8e-021 1e-020 0.0123703 1e-020 0.201105 1e-020 0.02 7e-021 7e-021 1e-020 0.1 1e-020 1e-020 1e-020 1e-020 
0.107043 0.262719 1e-020 9e-021 9e-021 4.28379e-014 1e-020 6e-021 9e-021 0.1 1e-020 1e-020 1e-020 0.0290093 1e-020 1e-020 8e-021 0.1 1e-020 0.0996388 1e-020 0.201589 1e-020 1e-020 8e-021 4e-021 1e-020 0.1 1e-020 1e-020 1e-020 1e-020 
8e-021 5e-021 1e-020 9e-021 9e-021 0.0759348 1e-020 9e-021 1e-020 0.256074 1e-020 1e-020 1e-020 9e-021 1e-020 0.10365 8e-021 0.181523 1e-020 0.003125 1e-020 1.21814e-015 1e-020 0.0111111 8e-021 0.368583 9e-021 1.02938e-020 1e-020 1e-020 1e-020 7e-021 
0.00994119 1e-020 1e-020 0.0597118 1e-020 9e-021 1e-020 0.167724 0.150622 6e-021 1e-020 0.0755736 0.0671449 0.0127789 1e-020 0.0112069 0.0643721 8e-021 1e-020 0.0304859 1e-020 1e-020 1e-020 0.0855087 0.0624707 7e-021 0.0149706 0.05387 1e-020 1e-020 1e-020 0.133618 
