1 0 0 0 0 
0.888856 0.111144 0 0 0 
0 0.705791 0.294209 0 0 
0 0 0.780609 0.219391 0 
0 0 0 0.943423 0.0565774 
0 0 0 0 1 
0.00555556 1e-020 1e-020 1e-020 1e-020 8e-021 1e-020 1e-020 0.155882 9e-021 1e-020 1e-020 0.333461 0.0151557 1e-020 1e-020 0.105917 1e-020 1e-020 0.0269919 6e-021 9e-021 1e-020 1e-020 0.0835908 1e-020 0.04 1e-020 0.233446 9e-021 1e-020 1e-020 
0.0875 8e-021 1e-020 1e-020 0.025 8e-021 1e-020 1e-020 6e-021 7e-021 1e-020 1e-020 1.54633e-016 0.00233361 1e-020 1e-020 8e-021 9e-021 1e-020 0.02 0.302174 7.11236e-021 1e-020 1e-020 0.1 1e-020 9e-021 1e-020 0.462993 8e-021 1e-020 1e-020 
8e-021 0.123913 1e-020 1e-020 0.0760866 0.0478952 1e-020 1e-020 9e-021 6e-021 1e-020 1e-020 7e-021 0.2625 1e-020 1e-020 8e-021 8e-021 1e-020 9e-021 0.1 0.191522 1e-020 1e-020 9e-021 8e-021 1e-020 1e-020 0.060583 0.1375 1e-020 1e-020 
9e-021 0.173722 1e-020 1e-020 1.15911e-007 0.117391 1e-020 9e-021 9e-021 0.278691 1e-020 1e-020 1e-020 7e-021 1e-020 1e-020 6e-021 0.11991 1e-020 6e-021 8e-021 0.0380984 1e-020 1e-020 8e-021 0.272188 1e-020 9e-021 8e-021 9e-021 1e-020 1e-020 
0.0525431 9e-021 1e-020 0.0342857 0.00416658 9e-021 1e-020 0.0802981 0.152113 6e-021 1e-020 1e-020 0.00857143 1e-020 1e-020 1e-020 0.262068 9e-021 1e-020 0.236651 1e-020 0.073913 1e-020 1e-020 0.0885714 6e-021 1e-020 0.00681818 1e-020 1e-020 1e-020 1e-020 
