1 0 0 0 0 
0.760584 0.239416 0 0 0 
0 0.798563 0.201437 0 0 
0 0 0.673933 0.326067 0 
0 0 0 0.759394 0.240606 
0 0 0 0 1 
8e-021 9e-021 0.0667481 1e-020 1e-020 1e-020 0.0409409 1e-020 9e-021 8e-021 0.0706532 0.1 1e-020 1e-020 0.12734 1e-020 1e-020 1e-020 0.297144 1e-020 1e-020 1e-020 0.166569 1e-020 1e-020 9e-021 1e-020 1e-020 1e-020 1e-020 0.130604 1e-020 
7e-021 9e-021 0.2 9e-021 1e-020 1e-020 0.1 1e-020 8e-021 8e-021 6e-021 1e-020 1e-020 1e-020 0.460369 1e-020 9e-021 9e-021 0.0338298 1e-020 1e-020 1e-020 0.00580174 1e-020 9e-021 9e-021 1e-020 1e-020 1e-020 1e-020 0.2 1e-020 
0.0893331 0.0213339 0.019948 0.0125 1e-020 9e-021 0.0638674 1e-020 0.1125 9e-021 0.0569866 1e-020 1e-020 0.05 0.105373 9e-021 0.0125 0.05 0.355658 9e-021 1e-020 9e-021 9e-021 9e-021 0.05 8.56329e-021 8e-021 1e-020 1e-020 1e-020 7e-021 1e-020 
0.072805 0.0114533 7e-021 0.00238095 1e-020 9e-021 0.00211584 9e-021 8e-021 0.0233018 0.176982 1e-020 1e-020 9e-021 8e-021 0.0640693 0.0669742 0.1 5e-021 0.105496 1e-020 0.105872 9e-021 0.0227273 0.1 0.0975909 0.0482311 1e-020 1e-020 1e-020 1e-020 1e-020 
0.0513884 0.0682754 1e-020 0.0304714 1e-020 0.0748331 1e-020 0.0663934 0.158212 0.223256 8e-021 0.00555556 0.0204022 0.005 1e-020 9e-021 0.164317 0.00666667 1e-020 0.0316043 1e-020 0.0534693 1e-020 0.00227273 0.0285501 0.00933333 9e-021 1e-020 1e-020 1e-020 1e-020 1e-020 
