1 0 0 0 0 
0.7002 0.2998 0 0 0 
0 0.795498 0.204502 0 0 
0 0 0.485954 0.514046 0 
0 0 0 0.913736 0.0862641 
0 0 0 0 1 
0.105556 1e-020 0.025 1e-020 1e-020 1e-020 1e-020 9e-021 8e-021 1e-020 0.266081 1e-020 1e-020 1e-020 7e-021 9e-021 1e-020 1e-020 0.1 1e-020 1e-020 1e-020 0.275 9e-021 1e-020 1e-020 9e-021 1e-020 1e-020 1e-020 0.228364 1e-020 
1e-020 1e-020 7e-021 9e-021 1e-020 1e-020 0.00683521 9e-021 0.1 1e-020 0.1 9e-021 1e-020 1e-020 0.277032 8e-021 1e-020 1e-020 0.2 1e-020 1e-020 1e-020 0.0111423 8e-021 9e-021 1e-020 9e-021 1e-020 1e-020 1e-020 0.304991 1e-020 
1e-020 1e-020 0.182222 9e-021 1e-020 1e-020 9e-021 1.84846e-019 0.194761 1e-020 8e-021 0.1 1e-020 1e-020 7e-021 6e-021 9e-021 1e-020 0.183966 8e-021 1e-020 1e-020 0.139051 7e-021 0.1 1e-020 7.0304e-021 9e-021 1e-020 1e-020 0.1 1e-020 
7.2602e-007 9e-021 6e-021 0.107663 9e-021 1e-020 0.057899 0.112313 0.0137291 1e-020 0.0452291 0.0237612 1e-020 1e-020 9e-021 0.172176 0.00344828 0.00238095 7e-021 0.0229101 1e-020 1e-020 9e-021 0.126119 9e-021 1e-020 0.250201 0.0621693 1e-020 1e-020 8e-021 1e-020 
0.0958701 0.00513248 0.206283 0.018922 0.00760754 1e-020 0.0104421 8e-021 0.0058137 1e-020 0.0893865 9e-021 1e-020 1e-020 0.114456 1e-020 0.00126147 7.1096e-014 0.22664 1e-020 1e-020 1e-020 0.084792 1e-020 1e-020 1e-020 4e-021 1e-020 1e-020 1e-020 0.133393 1e-020 
