1 0 0 0 0 
0.803108 0.196892 0 0 0 
0 0.397667 0.602333 0 0 
0 0 0.80138 0.19862 0 
0 0 0 0.908472 0.0915284 
0 0 0 0 1 
0.0285718 1e-020 1e-020 1e-020 1e-020 1e-020 0.0166667 0.02 0.04 9e-021 0.575771 9e-021 1e-020 1e-020 0.0285714 1e-020 1e-020 1e-020 0.191025 9e-021 1e-020 0.0142845 1e-020 1e-020 1e-020 9e-021 5e-021 1e-020 1e-020 1e-020 0.0851094 1e-020 
0.114816 1e-020 1e-020 8e-021 1e-020 1e-020 0.0277671 8.00044e-021 0.188867 0.028571 0.231515 0.1 1e-020 1e-020 1e-020 7e-021 1e-020 1e-020 8e-021 0.0666667 1e-020 0.0142869 1e-020 9e-021 1e-020 0.057142 0.170368 9e-021 1e-020 1e-020 8e-021 1e-020 
9e-021 1e-020 1e-020 0.0594892 1e-020 1e-020 9e-021 0.0214286 0.00714286 9e-021 5e-021 0.158788 1e-020 1e-020 1e-020 0.0341291 0.0729783 1e-020 9e-021 0.0285714 1e-020 9e-021 1e-020 0.0381474 1e-020 9e-021 0.55702 0.0223048 1e-020 1e-020 8e-021 7e-021 
9e-021 1e-020 1e-020 0.0884651 1e-020 1e-020 1e-020 1e-020 9e-021 1e-020 7e-021 2e-021 1e-020 1e-020 1e-020 0.352516 9e-021 1e-020 1e-020 0.0394978 1e-020 1e-020 1e-020 0.0696141 1e-020 1e-020 0.0552638 0.265942 1e-020 1e-020 1e-020 0.128701 
1e-020 1e-020 1e-020 0.0254571 1e-020 1e-020 1e-020 0.00498533 0.0344044 1e-020 1e-020 0.49467 1e-020 0.0199413 1e-020 6e-021 1e-020 1e-020 0.0307692 9e-021 1e-020 1e-020 1e-020 0.00997066 0.0459429 1e-020 0.0685331 0.046798 1e-020 1e-020 1e-020 0.218528 
