1 0 0 0 0 
0.513681 0.486319 0 0 0 
0 0.665252 0.334748 0 0 
0 0 0.71041 0.28959 0 
0 0 0 0.879104 0.120896 
0 0 0 0 1 
0.403333 9.04142e-021 1e-020 1e-020 0.0729311 1e-020 1e-020 1e-020 0.025 1e-020 0.0333333 1e-020 0.075 7e-021 1e-020 1e-020 0.0333333 0.06 1e-020 9e-021 0.127069 0.05 1e-020 0.0833333 1e-020 1e-020 0.0366667 1e-020 1e-020 1e-020 1e-020 1e-020 
8e-021 0.166667 1e-020 1e-020 7e-021 1e-020 1e-020 2.6896e-020 1e-020 1e-020 1e-020 8e-021 7e-021 0.264628 1e-020 1e-020 3.68632e-020 9e-021 1e-020 0.0333333 0.250757 9e-021 1e-020 9e-021 1e-020 1e-020 1e-020 1e-020 0.1 0.184615 1e-020 1e-020 
1e-020 0.1 1e-020 1e-020 0.1 1e-020 1e-020 0.00419857 1e-020 1e-020 1e-020 0.0519158 4e-021 0.295801 1e-020 1e-020 1e-020 9e-021 1e-020 9.00038e-021 0.262816 1e-020 1e-020 9e-021 9e-021 1e-020 1e-020 1e-020 0.1 0.0852683 1e-020 1e-020 
9e-021 9e-021 1e-020 1e-020 0.104559 1e-020 1e-020 1e-020 9e-021 1e-020 1e-020 0.1 0.0640944 6e-021 1e-020 1e-020 1e-020 1e-020 1e-020 9e-021 0.378036 1e-020 1e-020 1e-020 9e-021 1e-020 1e-020 1e-020 0.340576 0.0127336 1e-020 1e-020 
0.0275752 9e-021 1e-020 1e-020 0.1 1e-020 1e-020 1e-020 0.136574 1e-020 1e-020 9e-021 0.564904 1e-020 1e-020 1e-020 1e-020 1e-020 1e-020 1e-020 0.0210551 1e-020 1e-020 1e-020 0.0428571 1e-020 1e-020 1e-020 0.107035 9e-021 1e-020 1e-020 
