1 0 0 0 0 
0.767639 0.232361 0 0 0 
0 0.850081 0.149919 0 0 
0 0 0.691006 0.308994 0 
0 0 0 0.919542 0.0804582 
0 0 0 0 1 
1e-020 1e-020 1e-020 9e-021 1e-020 1e-020 0.266667 1e-020 0.465584 1e-020 1e-020 9e-021 0.0611111 1e-020 1e-020 1e-020 9e-021 1e-020 9e-021 1e-020 1e-020 0.05 7e-021 1e-020 0.106638 1e-020 1e-020 1e-020 1e-020 1e-020 0.05 1e-020 
9e-021 1e-020 9e-021 7e-021 9e-021 1e-020 0.529422 9e-021 0.0173599 1e-020 9e-021 0.1 8e-021 1e-020 1e-020 1e-020 0.0826401 1e-020 5e-021 1e-020 1e-020 9e-021 0.145556 9e-021 0.125022 1e-020 8e-021 9e-021 1e-020 1e-020 9e-021 1e-020 
0.0733333 1e-020 0.1 0.0454889 0.0266667 1e-020 4e-021 0.0348485 0.084837 1e-020 9e-021 0.0166667 9e-021 1e-020 1e-020 9e-021 9e-021 1e-020 0.253007 1e-020 1e-020 1e-020 0.0833333 0.181818 0.0592236 1e-020 0.0407764 7e-021 1e-020 1e-020 1e-020 1e-020 
8e-021 9e-021 9e-021 0.17129 1e-020 8.08298e-021 0.075 0.004 7.00038e-021 3.63052e-011 0.0827934 7e-021 8e-021 7e-021 1e-020 8e-021 9e-021 9e-021 0.025 0.0655096 1e-020 1e-020 9e-021 0.0618462 8e-021 8e-021 0.165077 0.270373 1e-020 8e-021 1e-020 0.0791111 
0.0596863 0.0291919 1e-020 6e-021 0.0673737 0.0108333 9e-021 1e-020 0.0577604 0.046627 0.0037037 0.0362963 0.0364039 0.172406 1e-020 0.00845626 0.0133333 0.0363636 9e-021 0.014189 0.00530013 0.0996032 1e-020 0.0280747 1e-020 0.0358685 0.0192242 0.0103704 0.108635 0.100299 1e-020 1e-020 
