1 0 0 0 0 
0.772668 0.227332 0 0 0 
0 0.846953 0.153047 0 0 
0 0 0.635269 0.364731 0 
0 0 0 0.930428 0.0695716 
0 0 0 0 1 
1e-020 1e-020 1e-020 1e-020 1e-020 1e-020 0.266667 9e-021 0.460556 1e-020 1e-020 9e-021 0.0611111 1e-020 1e-020 1e-020 9e-021 1e-020 9e-021 1e-020 1e-020 0.05 7e-021 9e-021 0.111667 1e-020 1e-020 1e-020 1e-020 1e-020 0.05 1e-020 
9e-021 1e-020 9e-021 8e-021 1e-020 1e-020 0.554444 9e-021 0.0173599 1e-020 9e-021 0.1 8e-021 1e-020 1e-020 1e-020 0.0826401 1e-020 5e-021 1e-020 1e-020 9e-021 0.145556 8e-021 0.1 1e-020 8e-021 1e-020 1e-020 1e-020 9e-021 9e-021 
0.0733333 1e-020 0.1 0.0454889 0.0266667 1e-020 6.17609e-017 0.0368788 0.084837 1e-020 9e-021 0.0166667 1e-020 1e-020 1e-020 9e-021 9e-021 1e-020 0.253007 1e-020 1e-020 1e-020 0.0833333 0.1 0.179788 1e-020 3.90583e-009 7e-021 1e-020 1e-020 1e-020 9e-021 
8e-021 9e-021 9e-021 0.170848 9e-021 8.07874e-021 0.075 0.0162602 6.00001e-021 7e-021 0.0827934 7.00236e-021 9e-021 8e-021 1e-020 8e-021 9e-021 9e-021 0.025 0.0330707 1e-020 1e-020 8e-021 0.125019 8e-021 9e-021 0.125177 0.267721 1e-020 8e-021 1e-020 0.0791111 
0.0596863 0.0291919 1e-020 7.00002e-021 0.0673737 0.0108333 9e-021 1e-020 0.0577604 0.046627 0.00370371 0.0362963 0.0364039 0.172406 1e-020 0.00845626 0.0133333 0.0363636 9e-021 0.014189 0.00530013 0.0996032 1e-020 0.0280747 1e-020 0.0358685 0.0192242 0.0103704 0.108635 0.100299 1e-020 1e-020 
