0: 2000 2001 2002 4343 5383 5705 5706 5707 5708 5711 5712 5713 5714 5766 5767 5768 5769 5770 5771 5772 5773 5774 5775 5776 5777 5780 5927 5928 5929 5936 5937 5938 5939 5987 5988 5989 5990 5991 5992 5993 
1: 113 151 645 825 826 827 1287 1288 1289 1290 1291 1292 1293 1294 1295 1296 1297 1298 1299 1300 1301 1302 1303 1304 1305 1306 1307 1309 1310 1311 1312 1402 1403 1404 1405 1406 1407 1408 1409 1410 1411 1415 1416 1424 1512 1513 1520 1521 1522 1524 1534 1535 1544 1639 1640 1753 1754 1758 1759 1760 1761 1762 1764 1765 1766 1767 
2: 1852 4390 5193 5194 5195 5318 5618 5619 5620 5693 5822 5823 5824 5825 5826 5827 5828 5829 5830 5831 5832 5833 5834 5840 5895 5896 5968 5969 5970 5971 5972 5973 5974 5975 5976 5977 5978 5979 5980 5981 5982 6029 6030 6033 6034 6035 6036 6037 6038 6122 6123 6124 6125 6126 6565 6566 6567 6568 6569 6570 6571 6572 6573 
3: 5876 5877 5885 5886 6265 6449 6450 6451 6452 6453 6456 6457 6458 6459 6460 6461 6462 6463 6464 6487 
4: 5 6 8 9 18 19 302 334 335 336 342 343 498 499 503 504 505 506 507 508 514 515 582 583 605 606 674 675 863 864 865 866 867 868 869 870 878 879 885 890 891 1226 1227 1564 1587 4864 
5: 1966 1967 1968 2017 2018 2019 2020 2057 2058 2059 2060 2061 2062 2064 2188 2189 2190 2264 2324 2343 2344 2345 2346 2347 2379 2380 2381 2382 2407 2408 2443 2444 2447 2448 2449 2471 2472 2473 2475 2567 2585 2586 2587 2600 2602 2603 2604 2605 2606 2636 2637 2638 6064 6065 
6: 2815 2816 2860 2861 2931 2932 2935 3001 3002 3005 3006 3007 3008 3009 3010 3281 3348 3349 3350 3351 3352 3353 3354 3355 3356 3357 3359 3363 3364 3366 3367 3370 3371 3372 3374 3375 3376 3377 3378 3379 3407 3535 3544 3545 3546 3547 3548 3549 3550 3551 3584 3585 3586 3628 3629 3653 3654 3733 3811 3813 3814 3815 3816 3817 3819 3861 3862 3863 3870 3933 4011 4012 4018 4101 4102 4103 4104 4105 4106 
7: 81 82 86 105 106 107 108 109 110 111 115 116 117 118 119 124 125 126 127 129 130 131 132 133 138 139 140 141 142 143 145 155 156 157 173 510 511 611 668 853 855 860 861 926 1022 1023 1031 1042 1194 1443 1444 1445 1446 1449 1450 1451 1452 1453 1454 1455 1456 1457 1458 1459 1489 1490 1528 1529 1550 1567 1580 1869 1870 1879 1880 
8: 2725 2726 2800 2907 2908 3075 3157 3255 3256 3257 3258 3314 3431 3432 3563 3568 3569 3570 3571 3572 3573 3576 3577 3578 3579 3580 3715 3716 3717 3718 3719 3720 3721 3782 3783 3784 3785 3786 3787 3788 4147 4148 5621 5624 
9: 5483 5484 5485 5486 5887 6143 6144 6209 6330 6331 6332 6333 6334 6335 6336 6337 6338 6339 6340 6341 6342 6343 6344 6345 6346 6347 6348 6349 6352 6465 6466 6467 6468 6471 6472 6473 6474 6477 6478 6479 6480 6742 6743 6744 
10: 1969 1970 1971 1972 1973 1974 1975 1976 1977 1978 1979 1980 1981 1982 1983 1984 1985 1986 1987 1988 1989 1990 1991 1992 1993 1994 1995 1996 1997 1998 1999 2065 2068 2069 2080 2191 2192 2193 2265 2266 2267 2268 2269 2270 2271 2272 2273 2274 2275 2348 2349 2350 2354 2385 2394 2450 2451 2476 2477 2478 2479 2588 2601 
11: 1810 5703 5704 5923 5924 5940 5941 6075 6076 6077 6078 6079 6080 6081 6085 6086 6087 6088 6092 6167 6168 6171 6172 6702 6703 
12: 2040 2063 2129 2134 2157 2163 2164 2165 2166 2167 2168 2169 2170 2171 2172 2173 2282 2283 2284 2285 2286 2331 2332 2333 2341 2389 2390 2391 2406 2521 2524 2525 2526 2527 2528 2560 2561 2568 2577 2578 2582 2583 2584 2614 2615 2616 2617 2618 2619 2620 2628 2635 
13: 2652 2666 2682 2683 2688 2690 2711 2712 2713 2714 2715 2716 2717 2718 2719 2720 2721 2722 2723 2724 2782 2783 2786 2792 2793 3124 3151 3152 3153 3154 3155 3473 3474 3475 3476 3488 3514 3552 3553 3618 3621 3623 3624 3634 3635 3641 3643 3644 3645 3705 3751 3752 3753 3756 3757 3758 3764 3883 3891 3893 3897 3898 3899 3900 3901 3902 3903 3909 
14: 616 1123 1148 1149 1228 1595 1600 1601 1602 1603 1604 1608 1609 1611 1612 1903 1904 1931 1932 1933 1934 1935 1936 1937 1938 1939 1940 1941 1942 1943 4284 4285 4290 4427 4682 4683 4684 4788 4894 4895 5218 
15: 2806 2807 2933 2934 2996 3033 3036 3037 3038 3080 3081 3082 3083 3084 3138 3139 3165 3167 3168 3169 3170 3429 3430 3444 3445 3471 3496 3499 3500 3501 3502 3503 3504 3562 3857 3858 3996 4073 4076 4077 4078 4146 4212 
16: 2028 2039 2066 2067 2073 2074 2078 2079 2081 2082 2097 2104 2105 2106 2132 2133 2135 2136 2137 2138 2276 2277 2278 2279 2280 2281 2353 2357 2358 2359 2360 2361 2362 2363 2364 2365 2368 2428 2452 2453 2454 2455 2456 2457 2458 2459 2460 2461 2462 2463 2464 2465 2466 2467 2468 2529 2530 2534 2535 2536 2537 2538 2565 2570 2571 2633 
17: 4287 4296 4300 4312 4342 4595 4923 4926 4927 4931 4983 4984 4985 4986 5030 5031 5100 5101 5102 5103 5104 5105 5106 5107 5108 5109 5110 5111 5112 5113 5114 5115 5118 5146 5147 5148 5149 5151 5158 5159 5162 
18: 74 75 146 159 160 362 363 364 365 366 369 370 410 461 544 620 667 670 671 672 697 698 699 700 703 708 808 809 856 871 874 882 887 888 896 925 973 980 981 982 983 984 985 1102 1135 1156 1157 1158 1187 1188 1189 1190 1193 1195 1196 1197 1215 1238 1460 1462 1549 1574 1871 1878 1882 1885 1886 1893 1898 1899 1913 4767 5229 5400 5401 
19: 4424 4429 4478 4697 4963 4964 4965 4966 4967 4968 4969 4970 5055 5444 5505 5506 5507 5508 5509 5510 5537 5538 5612 5613 5614 5842 6141 6218 6556 6558 6560 6561 6581 6582 6583 6650 6653 6654 6701 6705 6706 6707 6708 6709 6710 6711 6712 6713 6714 6715 6716 6718 6719 
20: 902 1344 1346 1480 1831 1832 1841 4268 4269 4270 4273 4319 4320 4323 4328 4329 4330 4331 4377 4378 4384 4385 4386 4387 4388 4389 4440 4444 4445 4447 4449 4581 4582 4583 4647 4648 4834 4907 4908 4909 4999 5000 5067 5068 5072 5192 5317 5373 5431 5575 6132 6133 6134 6138 6139 6140 6166 
21: 150 368 458 459 462 465 539 540 541 542 543 545 546 719 720 721 722 812 975 976 977 978 979 986 1057 1058 1065 1066 1067 1068 1069 1070 1116 1132 1159 1160 1321 1362 1466 1467 1494 4231 4232 4325 4549 4550 4716 4730 4762 4763 4764 4765 4791 4981 4982 4987 4988 4989 5060 5783 5846 5847 5850 5851 5852 
22: 2009 2010 2093 2094 2095 2098 2099 2101 2116 2117 2118 2119 2120 2155 2156 2187 2219 2220 2221 2223 2500 2501 2502 2503 2504 2505 2506 2507 2508 2543 2544 2547 2549 2550 2551 2552 2553 2554 2555 2558 
23: 5674 5675 5676 5682 5683 6237 6238 6239 6240 6241 6242 6243 6244 6248 6297 6298 6299 6300 6301 6302 6303 6304 6305 6306 6307 6308 6309 6310 6311 6312 6359 6553 6554 6555 6557 6668 6669 6745 
24: 4373 4768 4769 4770 4771 4772 4773 4774 4808 5004 5005 5249 5599 5604 5605 5752 5860 5861 5863 5864 5865 5866 5867 5868 5869 5870 5871 5872 5873 6183 6184 6185 6225 6226 6227 6228 6229 6233 6432 6433 6436 6437 6438 6513 6514 6516 6517 6518 6519 6520 6521 6523 6524 6525 6526 6527 6528 6529 6530 6531 6532 6533 6534 
25: 4308 4309 4376 4760 5272 5331 5397 5398 5412 5413 5511 5512 5513 5514 5515 5516 5517 5518 5519 5520 5521 5522 5523 5524 5525 5526 5528 5529 5530 5531 5532 5533 5534 5535 5536 6637 6638 
26: 1061 1062 4266 4297 4311 4313 4314 4317 4318 4324 4380 4381 4434 4441 4442 4443 4484 4485 4574 4580 4601 4602 4603 4631 4688 4689 4698 4753 4829 4830 4831 4833 4835 4836 4884 4899 4900 4901 4904 4905 4906 4933 4939 4998 5012 5023 5057 5059 5061 5062 5063 5064 5065 5066 5119 5120 5121 5122 5124 5125 5126 5127 5128 5177 5178 5179 5180 5181 5184 5188 5241 5246 5296 5300 5330 5394 5395 5399 5420 5421 5422 5423 5430 5848 5849 
27: 2828 2829 2835 2836 2837 2840 2841 2843 2846 2847 2848 2851 2856 2857 2858 2862 2864 2865 2866 2867 2871 2872 2873 2875 2876 2887 2939 2940 2941 3023 3024 3025 3026 3027 3031 3045 3046 3049 3050 3063 3064 3287 3301 3302 3398 3402 3455 3456 3457 3462 3463 3479 3559 3766 3767 3768 3769 4048 4049 4050 4054 4057 
28: 452 535 536 4250 4251 4252 4253 4254 4255 4723 4724 4739 4740 4750 4789 4798 4810 4811 4812 4813 4814 4815 4816 4817 4818 4819 4820 4821 4822 4826 4827 4889 5053 6008 
29: 621 622 787 899 1004 1020 1021 1025 1026 1027 1039 1119 1120 1221 1222 4225 4278 4279 4280 4281 4282 4393 4394 4395 4657 4658 4783 5089 5090 5091 5092 5093 5094 5095 5207 5379 5380 5381 5382 
30: 872 894 895 4234 4239 4249 4316 4565 4566 4567 4619 4622 4623 4624 4628 4633 4735 4744 4745 4746 4747 4748 4749 4751 4752 4754 4755 4757 4758 4761 4790 4797 4802 4803 4805 4806 4809 4828 4878 4879 4934 4935 5001 5006 5007 5020 5022 5230 5231 5232 5233 5234 5239 5240 5242 5255 5297 5299 5393 5402 5403 5406 5407 5408 5409 5410 5411 5429 5576 5583 6180 
31: 2900 2901 2980 2991 3070 3229 3232 3274 3275 3276 3735 3841 3847 3848 4037 4046 4134 4179 4180 4181 4182 4183 4184 4185 4188 4189 4190 4192 4193 4194 4195 4196 4197 4198 4199 4200 4201 4202 4203 4204 4205 4206 4207 4208 4209 4210 4211 
32: 270 271 272 273 274 275 276 278 282 283 1853 1854 1855 2011 2054 2055 2056 2102 2103 2107 2108 2109 2140 2141 2252 2253 2369 2531 2532 2533 2539 2540 2542 2545 2546 2557 3731 4332 4333 4391 4392 5437 5841 
33: 2936 2938 3597 3626 3627 3657 3658 3668 3696 3697 3698 3747 3750 3759 3760 3878 3879 3880 3881 3882 3884 3885 3886 3892 3896 3904 3905 3906 3907 3908 3951 3952 3953 3954 3955 3956 3957 3958 3959 3968 3969 4137 
34: 153 154 161 176 229 230 242 243 244 245 248 249 254 255 256 260 261 262 358 610 1117 1118 1122 1124 1125 1126 1127 1142 1143 1144 1147 1150 1352 1353 1605 1606 1607 1613 1800 2559 4224 4226 4460 5325 5333 5334 5494 5495 
35: 2655 2656 2657 2658 2659 2660 2662 2663 2671 2672 2673 2676 2677 2681 2684 2685 2686 2687 2691 2692 2693 2694 2695 2696 2697 2698 2699 2702 2703 2704 2705 2706 2707 2729 2730 2735 2736 2737 2738 2739 2740 2741 2742 2743 2744 2745 2746 2766 2770 2771 2772 2778 2791 3096 3097 3098 3100 3101 3106 3117 3118 3119 3120 3123 3128 3129 3145 3148 3295 3322 3442 3443 3484 3619 3620 3642 
36: 2830 2874 2882 2883 2884 2888 2889 2890 2891 2892 3022 3032 3044 3065 3193 3194 3195 3196 3208 3244 3250 3277 3286 3299 3310 3311 3391 3395 3396 3397 3399 3400 3404 3405 3409 3410 3412 3413 3419 3480 3775 3778 3823 3825 3826 4035 4042 4043 4047 4051 4055 4056 4058 4059 4065 4067 4068 4069 4070 
37: 4363 4685 5352 5353 6220 6221 6222 6223 6224 6284 6285 6288 6289 6290 6291 6292 6293 6294 6295 6296 6509 6510 6512 6559 6574 6575 6576 
38: 2012 2013 2037 2038 2224 2225 2226 2227 3725 3726 3727 3728 3729 3730 3793 3794 3795 4154 4155 4156 4222 4223 4976 
39: 4271 4272 4274 4446 4448 4476 4516 4839 4840 4841 4842 4971 5021 5069 5070 5071 5189 5190 5191 5256 5257 5258 5259 5260 5262 5263 5315 5316 5577 5578 5579 5637 5638 5639 5640 5641 5642 5643 5644 5645 5902 6039 6040 6147 6148 
40: 2918 2919 2920 2921 2922 2923 2924 2925 2926 2928 2929 2930 3003 3012 3013 3014 3278 3279 3280 3282 3360 3361 3362 3365 3380 3385 3392 3393 3394 3734 3821 3822 3834 3835 3838 4014 4015 4019 4020 4021 4095 4096 4097 4098 4099 4100 4107 4108 4109 4110 4111 4112 4113 4114 4115 4116 4117 4118 4125 4131 
41: 1736 1737 4777 5487 5488 5490 5491 5492 5493 5541 5542 5543 5607 5608 5617 5680 5681 5684 5685 5686 5687 5688 5691 5692 5694 5888 5889 6208 6258 6261 6262 6263 6264 6266 6267 6268 6269 6270 6271 6272 6350 6351 6353 6354 6355 6356 6357 6417 6418 6419 6420 6421 6422 6423 6424 6425 6426 6427 6488 6491 6492 6754 
42: 331 424 439 456 516 517 518 519 520 521 522 523 524 525 526 527 528 529 530 531 532 533 534 537 538 884 2355 4246 4247 4248 4256 4609 4641 4642 4941 5002 6429 6430 6434 6435 6652 6656 6657 6662 6663 
43: 2805 2897 2904 2979 2982 2983 2984 2985 2986 2987 2988 2989 2992 2993 2994 2995 3251 3252 3253 3254 3270 3271 3273 3283 3306 3414 3415 3416 3417 3418 3422 3423 3424 3425 3426 3427 3428 3497 4071 4144 4145 
44: 5590 5591 5597 5598 5601 5602 5646 5647 5648 5650 5651 5652 5653 5654 5655 5656 5657 5658 5659 5660 5661 5662 5663 5664 5665 5666 5667 5668 5669 5670 5671 5672 5677 5678 6158 
45: 930 931 935 936 937 938 939 940 946 947 948 949 950 951 952 953 966 967 968 1096 1097 1098 1099 1598 4360 4782 4978 5168 5169 5208 5211 5212 5222 5223 5224 5227 5328 5335 5336 5337 5338 5339 5340 5341 5344 5345 5346 
46: 1174 1280 1281 4334 4335 4336 4337 4338 4339 4340 4341 4977 
47: 2667 2678 2927 2945 2946 2947 2948 2949 2950 2951 2952 2956 2961 2962 2964 2969 2970 2971 2972 2975 2976 2977 2978 3048 3105 3269 3284 3285 3305 3317 3320 3321 3326 3327 3328 3329 3330 3331 3332 3333 3334 3335 3336 3337 3338 3382 3383 3384 3704 3820 3824 3827 3828 3829 3830 3836 3837 4072 
48: 4428 4678 4679 4680 4681 5440 5441 5442 5443 5580 6131 6151 6286 6287 6503 6504 6505 6506 6507 6508 6577 6578 6579 6580 6643 6644 6645 6646 6647 6648 6649 
49: 209 213 599 1635 1636 1637 1638 1641 1642 1646 1647 1648 1649 1650 1651 1652 1653 1654 1655 1656 1657 1658 1659 1660 1661 1662 1663 1665 1666 1668 1669 1670 1671 1674 1675 1676 1677 1680 1681 1682 1683 1684 1685 1686 1687 1688 1689 1691 1692 1695 1696 1697 1698 1701 1708 1709 1712 5915 6136 6137 
50: 1322 1348 1493 4259 4260 4322 4369 4483 4486 4487 4490 4491 4492 4493 4494 4495 4496 4497 4498 4499 4500 4501 4502 4503 4504 4505 4506 4507 4508 4509 4510 4511 4512 4513 4515 4577 4695 4997 5649 
51: 3034 3035 3176 3505 3506 3507 3508 3509 3510 3582 3583 3648 3649 3650 3651 3652 3724 3929 3930 3931 4005 4006 4007 4008 4080 4081 4082 4083 4084 4085 4152 4153 4215 4216 4217 4218 4219 4220 4221 
52: 4233 4240 4241 4242 4244 4267 4310 4356 4370 4371 4433 4552 4553 4554 4555 4573 4620 4629 4630 4632 4636 4637 4737 4738 4741 4742 4743 4759 4804 4832 4882 4883 5003 5008 5058 5248 5250 5253 5298 5356 5357 5358 5359 5360 5361 5362 5365 5366 5414 5504 5726 5859 5950 5951 6090 6091 6179 6522 6588 6636 
53: 2645 2646 2647 2661 2708 2709 2733 2734 3433 3434 3435 3436 3437 3440 3441 3595 3596 3599 3600 3602 3603 3604 3605 3606 3607 3608 3679 3680 3887 3894 3944 3998 
54: 1095 4345 4396 4397 4398 4399 4400 4401 4402 4403 4404 4406 4466 4467 4470 4471 4538 4539 4540 4674 4850 4855 4857 4858 4859 4860 4861 4862 4917 4920 4921 4922 5098 5099 5150 5156 5161 5165 5214 5342 5343 
55: 2092 2100 2110 2111 2112 2126 2139 2228 2229 2230 2234 2235 2236 2237 2238 2239 2241 2242 2248 2249 2250 2255 2296 2297 2311 2312 2313 2314 2315 2316 2317 2318 2319 2320 2321 2322 2325 2326 2327 2328 2329 2334 2335 2336 2339 2445 2446 2522 2523 2573 2579 2580 2581 2608 2609 2610 2611 2612 2639 2640 2641 5913 5914 6067 
56: 376 377 378 467 629 630 631 632 818 1075 1076 1077 1078 1167 1263 1264 1265 1266 1267 1268 1269 1270 1271 1381 1622 1623 1726 1727 1728 1729 1730 1731 1839 1840 1846 1847 1848 1849 1850 1851 1960 1961 1962 1963 1964 2222 2556 
57: 250 251 355 356 371 589 590 591 592 593 594 595 596 597 598 600 602 603 604 615 655 656 657 661 662 663 664 665 669 683 684 692 695 696 798 801 802 803 873 875 881 889 897 898 961 1104 1129 1130 1131 1134 1136 1137 1138 1152 1153 1204 1205 1208 1209 1210 1211 1216 1217 1218 1219 1223 1224 1229 1233 1234 1235 1236 1473 1553 1678 1865 1890 1894 1895 1896 1905 1908 1909 1911 1914 1917 1926 1927 1928 1930 4606 4607 4608 4849 4863 4938 5270 5332 
58: 0 1 1965 2014 2015 2016 2441 2442 2607 2642 2643 2644 3346 4456 5435 5436 6215 6428 6759 
59: 6378 6381 6382 6383 6384 6385 6386 6387 6388 6389 6390 6391 6392 6393 6394 6395 6396 6397 6398 6399 6400 6401 6405 6406 6407 6408 6409 6454 
60: 2356 2410 2411 2412 2413 2414 2415 2416 2417 2418 2419 2420 2421 2422 2423 2424 2425 
61: 269 359 436 440 442 443 444 445 446 447 448 449 450 451 453 454 455 457 617 618 619 704 717 718 1151 1232 1240 1359 1360 1361 1468 1469 1470 1471 1472 1476 1477 1478 1479 1481 1482 1483 1485 1486 1826 1946 1947 1948 4228 4640 4687 4766 5574 5636 5843 5844 5845 6152 
62: 1111 1145 1212 1323 1324 1327 1328 1338 4347 4348 4352 4361 4468 4469 4472 4482 4489 4541 4542 4543 4544 4545 4599 4600 5123 5152 5153 5154 5155 5163 5164 5215 5216 5221 6169 
63: 42 288 289 297 299 300 301 303 304 305 310 311 312 313 314 315 316 344 345 346 360 361 399 400 401 408 409 421 422 494 495 500 501 502 513 876 1225 1532 1560 4457 4458 6515 
64: 1112 1146 1901 4353 4435 4436 4477 4481 4514 4596 4597 4598 4659 4660 4661 4662 4663 4665 4666 4667 4668 4669 4670 4671 4672 4673 4686 4690 4691 4692 4693 4694 4787 4902 4903 4928 4930 5028 5029 5034 5035 5036 5037 5038 5116 5117 5213 5217 5274 5275 
65: 177 206 214 215 216 218 219 220 221 222 223 224 225 226 227 228 231 234 235 236 237 239 240 241 258 259 1673 1679 1704 1705 1707 1710 1715 1788 1900 1945 4461 4655 
66: 1389 1390 1391 1392 2122 2811 4275 4375 4649 4650 4651 4778 4779 4780 4843 4973 4974 4975 5134 5135 5261 5264 5265 5319 5374 5489 5539 5540 5544 5545 5546 5547 5548 5549 5550 5551 5552 5615 5616 5626 5627 5628 5695 5696 5697 5754 5755 5756 5757 5758 5764 5835 5836 5837 5890 5891 5892 5893 5894 5897 5898 5899 5900 5901 5903 5904 5905 5967 6042 6043 6044 6047 6051 6145 6146 6162 6211 6212 6213 6214 6217 6273 6490 6493 6494 6495 6498 6499 6639 6640 6697 6698 6699 6700 6752 6753 6755 6756 6757 6758 
67: 2689 2727 2728 2789 2794 2795 2796 2797 2798 2799 2855 2859 2885 2886 3125 3134 3136 3137 3141 3156 3225 3450 3461 3469 3470 3554 3555 3556 3564 3567 3574 3575 3633 3686 3762 3763 3781 3888 3889 3890 3923 3924 3963 3964 3975 3999 
68: 2814 2817 2852 2853 3004 3028 3029 3030 3177 3178 3179 3180 3181 3182 3183 3184 3190 3222 3227 3228 3233 3239 3240 3241 3242 3243 3248 3249 3263 3264 3266 3267 3268 3272 3779 3780 3974 4045 4064 4074 4075 4187 
69: 2003 2004 2005 2006 2007 2008 2021 2022 2023 2025 2026 2027 2029 2030 2031 2032 2033 2034 2035 2041 2042 2045 2046 2047 2048 2049 2050 2051 2070 2071 2083 2096 2130 2131 2143 2144 2146 2147 2148 2149 2150 2151 2152 2153 2154 2186 2213 2214 2215 2216 2217 2218 2256 2257 2260 2261 2303 2304 2397 2400 2480 2481 2482 2483 2548 2566 2589 2590 2594 2595 2596 2597 2598 2599 6066 
70: 184 185 186 187 188 189 190 191 192 193 194 195 196 197 198 199 200 201 202 203 204 205 741 744 745 753 754 755 756 757 758 760 761 762 763 764 765 766 784 1626 1627 1628 1629 1630 1631 1632 1633 1634 1690 1693 1694 1702 1703 1713 
71: 5271 5447 5448 5449 5461 5462 5463 5464 5465 5466 5467 5468 5469 5470 5471 5472 5473 5474 5475 5476 5477 5478 6447 6448 6484 
72: 2808 2809 2810 2909 2997 2998 2999 3000 3085 3086 3171 3172 3173 3174 3175 3341 3342 3343 3344 3345 3581 3646 3647 3722 3723 3789 3790 3791 3792 3859 3860 3925 3926 3927 3928 4000 4001 4002 4003 4004 4079 4149 4150 4151 4213 4214 5622 5623 
73: 2665 2877 2878 2879 2880 2881 2942 2943 2944 2954 2955 2966 2967 2968 3047 3052 3053 3054 3055 3056 3057 3058 3059 3060 3061 3062 3068 3078 3079 3288 3291 3300 3368 3373 3381 3403 3411 3557 3558 3690 3691 3692 3693 3702 3732 3765 3770 3771 3772 4009 4010 
74: 76 210 211 212 625 626 627 649 1105 1106 1107 1108 1113 1191 1192 1253 1254 1255 1335 1364 1643 1645 1716 1717 1720 1721 1723 1724 1725 1780 1781 1783 1784 1785 1786 1789 1790 1792 1793 1794 1795 1796 1797 1798 1799 1802 1803 1804 1805 1806 1807 1808 1809 1811 1812 1875 1876 1910 1959 2212 
75: 2114 2115 2162 2196 2197 2198 2199 2200 2201 2202 2203 2204 2205 2206 2208 2231 2232 2233 2240 2243 2244 2245 2246 2247 2251 2259 2287 2288 2289 2290 2291 2292 2293 2294 2295 2298 2301 2302 2305 2306 2307 2308 2309 2310 2337 2338 2340 2342 2371 2372 2373 2374 2375 2376 2383 2384 2387 2388 2395 2396 2399 2404 2405 2409 2496 2497 2575 2576 
76: 1739 1740 2664 2669 2670 2674 2675 2680 2700 2701 2747 2748 2749 2750 2751 2752 2753 2754 2755 2756 2757 2758 2759 2760 2761 2762 2763 2764 2765 2767 2768 2769 2773 2774 2775 2776 2777 2779 2780 2781 2784 2785 2787 2788 3107 3108 3115 3116 3121 3122 3126 3127 3135 3140 3146 3147 3149 3451 3452 3453 3458 3459 3460 3464 3465 3466 3467 3468 3472 3687 3689 
77: 1245 1246 1248 1337 1339 1340 1341 1342 1343 1351 1354 1355 1356 1357 1358 1378 1813 1814 1815 1816 1817 1818 1819 1820 1821 1822 1823 1824 1825 1827 1828 1829 1830 1833 1834 1835 1836 1837 1838 1843 1844 1845 4702 4703 4704 5032 5033 5986 6173 
78: 83 85 87 88 89 90 112 114 121 122 123 128 134 135 137 293 294 577 587 588 612 613 746 747 748 829 830 832 833 834 835 836 837 838 839 841 842 851 852 913 914 921 922 1412 1413 1414 1417 1418 1419 1420 1421 1422 1423 1425 1426 1427 1428 1429 1430 1431 1432 1433 1434 1435 1436 1437 1438 1439 1440 1441 1507 1519 1523 1526 1527 1530 1531 1536 1537 1539 1540 1541 1543 1546 1547 1548 1868 5202 
79: 268 1465 4326 4327 4990 4991 5496 5700 5701 5702 5715 5716 5717 5719 5720 5722 5723 5784 5785 5786 5787 5790 5791 5792 5994 5995 5996 5997 5998 5999 6000 6001 6002 6082 6083 6084 6089 6093 6094 6095 6102 
80: 4374 4775 4776 5606 5814 5815 5874 5875 5878 5879 5880 5881 5882 5883 5884 6186 6187 6188 6189 6190 6191 6192 6193 6194 6195 6197 6198 6199 6200 6201 6202 6203 6204 6205 6206 6207 6210 6257 6259 6260 6486 6634 6635 6749 6750 
81: 72 73 77 78 147 162 353 644 658 673 676 677 678 679 680 681 682 685 686 687 688 689 690 691 858 859 892 932 933 934 956 957 958 1114 1239 1505 1506 1508 1509 1533 1538 1551 1552 1554 1559 1571 1572 1573 1589 1872 1873 1891 1892 1897 1918 1919 1921 1922 1923 1924 4644 4645 4646 4664 6164 
82: 84 266 468 469 470 471 548 549 550 552 628 727 728 729 730 731 732 733 734 814 815 816 817 903 904 988 989 990 991 992 993 1072 1073 1074 1165 1166 1256 1379 1380 1382 1383 1384 1619 1620 1621 2121 4450 4451 4452 4520 4972 5131 5132 5133 5432 5433 5434 6041 6127 6128 6129 6130 
83: 1237 1241 1242 1325 1326 1329 1330 1331 1332 1333 1349 1350 1464 1475 1614 1616 1617 1902 1925 4368 4379 4383 4473 4474 4475 4479 4480 4488 4696 4786 4837 4838 4932 4940 5699 5718 5778 5779 5781 5782 5925 5926 5945 5946 5947 5948 5949 6170 6174 6704 
84: 68 144 158 317 318 319 320 321 322 323 324 325 326 327 328 329 330 332 333 337 338 339 340 341 383 415 416 417 418 419 423 425 426 427 428 429 430 431 432 433 434 435 437 438 512 883 927 1562 1563 1570 1581 1582 1583 1584 1585 1586 1590 1591 1592 1593 1594 1912 1929 4643 4936 4937 
85: 3011 3185 3358 3587 3588 3589 3590 3591 3592 3593 3594 3598 3736 3737 3738 3739 3740 3741 3742 3743 3744 3745 3746 3748 3749 3864 3865 3866 3867 3868 3869 3871 3872 3873 3874 3875 3876 3877 3912 3913 3936 3937 3938 3939 3940 3941 3942 3943 3945 3946 3947 3948 3949 3950 3971 3972 3981 3982 3986 4013 4016 4017 4022 4025 4026 4027 4119 4120 4121 4122 4123 4126 4127 4128 4136 
86: 1388 2509 2510 2511 2512 2513 2514 2515 2516 2517 2518 2519 2520 5625 
87: 2910 2913 2914 2915 2916 2917 3259 3260 3265 3831 3832 3833 3839 3840 3842 3843 3844 3845 3846 3849 3850 3851 3852 3853 3854 3855 3856 4090 4091 4092 4093 4094 4124 4129 4130 4158 4159 4160 4161 4162 4163 4164 4165 4166 4167 4168 4169 4170 4171 4172 4173 4174 4175 4176 4177 4178 
88: 374 375 463 464 466 547 726 901 987 1059 1060 1063 1064 1071 1155 1247 1249 1250 1251 1257 1258 1259 1260 1261 1262 1317 1320 1334 1336 1347 1363 1365 1366 1367 1368 1369 1370 1371 1372 1373 1374 1375 1376 1377 1492 1502 1842 1951 1952 1953 1954 1955 1957 1958 4699 4700 4701 4995 4996 5129 5130 5853 5854 5855 5856 5857 6175 
89: 3438 3439 3511 3512 3513 3515 3516 3517 3518 3609 3610 3611 3612 3613 3614 3615 3616 3617 3625 3655 3656 3659 3660 3661 3662 3663 3664 3665 3666 3667 3669 3670 3671 3672 3673 3674 3675 3676 3677 3678 3683 3684 3754 3755 
90: 367 614 646 648 650 659 660 804 805 806 810 811 893 959 960 964 965 1024 1028 1029 1033 1054 1055 1056 1100 1101 1103 1128 1133 1141 1154 1178 1198 1199 1200 1201 1202 1203 1213 1214 1230 1283 1284 1285 1286 1308 1313 1314 1315 1316 1318 1319 1501 1542 1545 1644 1722 1757 1763 1768 1769 1770 1771 1772 1773 1774 1775 1776 1777 1778 1779 1874 1877 1881 1883 1884 1888 1889 4459 4979 4980 4992 5160 
91: 2052 2053 2158 2159 2160 2161 2174 2175 2176 2177 2178 2179 2180 2181 2184 2185 2210 2211 2262 2263 2299 2300 2330 2352 2398 2401 2402 2403 2429 2430 2562 2563 2564 2572 2574 2591 2592 2593 2621 2624 2625 2626 2627 2629 2630 2631 2632 2634 
92: 2648 2649 2650 2651 2653 2654 2710 2731 2732 2801 2802 2803 2804 2898 2899 2902 2903 2905 2906 2981 2990 3018 3019 3069 3071 3072 3073 3074 3076 3077 3130 3131 3132 3133 3142 3143 3144 3150 3223 3323 3486 3487 3490 3491 3492 3493 3495 3498 3601 3640 3710 3711 3712 3713 3714 3920 3921 3922 3989 3990 3991 3992 3993 3994 3995 3997 4038 
93: 246 247 257 1756 1791 4462 4463 4464 4465 4530 4531 4532 4533 4534 4535 4536 4589 4590 4591 4592 4593 4594 4656 4781 5025 5026 5027 5145 5157 5209 5210 
94: 285 286 553 554 555 556 557 558 559 560 561 562 563 564 736 737 824 910 997 998 999 1000 1001 1002 1003 1005 1006 1007 1008 1009 1010 1011 1012 1013 1014 1015 1016 1017 1018 1019 1030 1038 1081 1082 1083 1084 1085 1086 1087 1088 1089 1090 1173 1276 1277 1278 1279 1396 1397 1398 1399 1400 1401 1510 1511 1514 1744 1745 1749 1750 1751 1752 1755 5081 5082 5199 5200 
95: 2 3 4 120 152 208 572 575 576 601 607 608 735 739 740 742 743 749 750 751 752 759 767 768 769 770 771 772 773 774 775 776 777 778 779 780 781 782 783 785 786 788 789 790 791 792 793 794 795 796 797 799 800 828 831 915 916 917 918 919 1091 1092 1093 1094 1515 1516 1517 1518 1525 1714 5078 5079 5080 5083 5084 5085 5203 5204 5205 5206 
96: 2893 2894 2895 2896 3187 3188 3189 3191 3192 3197 3201 3202 3207 3220 3221 3224 3226 3230 3231 3234 3235 3236 3237 3238 3245 3246 3247 3386 3420 3421 3708 3709 3918 3919 4036 4060 4061 4062 4063 4066 4132 4133 4135 4139 4140 4141 4142 4143 4186 4191 
97: 1393 1394 1395 1738 1741 1742 1743 2123 2124 2125 4715 5143 5144 5553 5554 5555 5556 5557 5558 5559 5560 5561 5562 5563 5564 5565 5566 5567 5568 5569 5570 5571 5572 5573 5629 5630 5631 5632 5633 5634 5635 6052 6053 6054 6055 6056 6057 6058 6059 6060 6061 6062 6063 6163 6275 6276 6277 6278 6279 6280 6281 6282 6283 
98: 2937 3087 3088 3089 3090 3091 3092 3093 3094 3095 3099 3103 3104 3166 3347 3519 3520 3521 3522 3523 3524 3525 3526 3527 3528 3529 3530 3531 3532 3533 3534 3536 3537 3538 3539 3540 3541 3542 3543 3681 3682 3685 3688 
99: 862 1565 1566 1568 1569 4625 4626 4627 4942 4943 4944 4945 4946 4947 4948 4949 4950 4951 4952 4953 4954 4955 4956 4957 4958 4959 4960 4961 4962 5236 5237 5238 5581 5582 5584 5585 5586 5587 5588 5589 5592 5593 5594 5595 5596 5600 6230 6231 6232 
100: 2024 2036 2072 2075 2076 2077 2084 2085 2086 2087 2088 2089 2090 2091 2127 2128 2194 2195 2207 2209 2258 2351 2366 2367 2370 2377 2378 2386 2392 2393 2426 2427 2431 2432 2433 2434 2435 2436 2437 2438 2439 2440 2469 2470 2474 2484 2485 2486 2487 2488 2489 2490 2491 2492 2493 2494 2495 2498 2499 2541 2622 2623 
101: 633 634 1272 1273 1274 1275 1387 1735 2812 2813 4276 4453 4454 4455 4521 4522 4523 4524 4525 4526 4527 4528 4529 4584 4585 4586 4587 4588 4652 4653 4654 4705 4706 4707 4708 4709 4710 4711 4712 4713 4714 4844 4845 4846 4847 4848 4910 5073 5074 5075 5076 5077 5136 5137 5138 5139 5140 5141 5142 5196 5197 5198 5320 5321 5322 5323 5375 5376 5838 5906 5907 5908 5909 5910 5911 5912 5983 5984 6050 6135 6274 6496 6497 
102: 3477 3478 3565 3566 3630 3631 3632 3910 3911 3914 3915 3916 3960 3961 3962 3965 3966 3967 3970 3976 3977 3978 3979 3980 3983 3984 3987 3988 4138 
103: 1599 4286 4288 4298 4299 4301 4302 4303 4304 4305 4306 4307 4315 4344 4346 4349 4350 4351 4354 4355 4357 4358 4359 4366 4367 4405 4408 4409 4546 4547 4551 4616 4617 4618 4793 4794 4801 4823 4824 4825 4867 4868 4869 4870 4871 4872 4885 4886 4887 4888 4890 4924 4925 5051 5052 5329 5347 5355 5497 5498 5709 5710 
104: 2790 2818 2819 2820 2821 2822 2823 2824 2825 2826 2827 2838 2839 2842 2844 2845 2849 2854 2863 3015 3016 3017 3020 3021 3039 3186 3369 3401 3406 3481 3560 3561 3622 3895 3973 4023 4024 4028 4029 4030 4031 4032 4033 4034 4044 
105: 1345 4364 4365 4372 4407 4410 4411 4412 4413 4414 4415 4416 4417 4418 4419 4420 4421 4422 4423 4425 4426 4430 4431 4432 4437 4438 4439 4604 4605 4675 4676 4677 4736 4892 4893 4896 4897 4898 4929 5171 5172 5173 5174 5175 5247 5273 5354 5445 5499 5500 5501 5502 5503 6511 6587 
106: 5689 5690 5733 5734 5747 5748 5749 5750 5751 5753 5803 5807 5809 5810 5811 5813 5816 5817 5818 5819 5964 5965 5966 6005 6006 6015 6016 6017 6018 6019 6022 6023 6024 6025 6026 6027 6028 6031 6032 6115 6149 6150 6153 6154 6155 6156 6157 6159 6160 6161 6196 6562 6563 6564 6751 
107: 93 94 95 96 97 98 99 100 101 102 103 104 169 170 651 652 653 694 807 813 912 943 944 945 971 972 1034 1035 1037 1045 1175 1176 1177 1179 1180 1181 1182 1183 1184 1220 1282 1442 1447 1448 1746 1747 1748 1861 1862 1864 1866 1867 5228 
108: 5673 5679 6358 6360 6361 6362 6363 6364 6365 6366 6367 6368 6369 6489 6541 6542 6543 6544 6545 6546 6547 6548 6549 6550 6551 6552 6658 6659 6687 6690 6692 6693 6694 6720 6721 6722 6723 6724 6725 6726 6727 6728 6729 6730 6731 6732 6733 6734 6735 6736 6737 6738 6739 6740 6741 6746 6747 6748 
109: 4800 4865 4873 4880 4881 4891 5039 5040 5041 5042 5043 5044 5045 5046 5047 5048 5049 5050 5054 5056 5176 5276 5277 5278 5279 5280 5281 5282 5283 5284 5285 5286 5287 5288 5289 5290 5291 5292 5293 5294 5295 5349 5350 5351 5389 5390 5391 5392 5396 5404 6651 
110: 4245 5446 5450 5451 5452 5453 5454 5455 5456 5457 5458 5459 5460 6234 6439 6440 6441 6442 6443 6444 6584 6585 6586 6589 6590 6591 6592 6593 6594 6595 6596 6597 6598 6599 6600 6601 6602 6603 6604 6605 6606 6607 6608 6609 6610 6611 6612 6613 6614 6615 6616 6617 6618 6619 6620 6621 6622 6623 6624 6625 6626 6627 6628 6629 6630 6631 6632 6633 6655 6660 6661 
111: 4257 4258 5009 5010 5479 5480 5481 5482 5527 5603 5609 5610 5611 6142 6235 6236 6245 6246 6247 6249 6250 6251 6252 6253 6254 6255 6256 6415 6431 6535 6536 6537 6538 6539 6540 6664 6665 6666 6667 6670 6671 6672 6673 6674 6675 6676 6677 6678 6679 6680 6681 6682 6683 6684 6685 6686 6688 6689 6691 6695 6696 6717 
112: 207 284 287 290 291 292 298 379 380 381 382 384 385 386 387 388 389 390 391 404 405 472 473 474 476 565 566 567 568 569 570 571 573 574 637 638 639 640 641 642 643 647 738 911 920 1044 1139 1140 1860 5201 
113: 5367 5368 5370 5371 5372 5721 5724 5725 5727 5728 5729 5730 5731 5732 5735 5736 5737 5738 5739 5740 5741 5742 5743 5744 5745 5746 5793 5794 5795 5796 5797 5798 5799 5800 5801 5802 5804 5805 5806 5808 5812 5820 5821 5942 5943 5944 5952 5953 5954 5955 5956 5957 5958 5959 5960 5961 5962 5963 6003 6004 6007 6009 6010 6011 6012 6013 6014 6020 6021 6096 6097 6098 6099 6100 6101 6103 6104 6105 6106 6107 6108 6109 6110 6111 6112 6113 6114 6116 6117 6118 6119 6120 6121 
114: 79 80 148 149 163 164 165 166 167 168 174 175 238 252 253 263 264 265 267 372 373 441 460 551 623 624 701 702 705 706 707 709 710 711 712 713 714 715 716 723 724 725 900 1115 1161 1162 1163 1164 1231 1243 1244 1252 1461 1463 1474 1484 1487 1488 1491 1495 1496 1497 1498 1499 1500 1503 1504 1615 1618 1782 1787 1801 1949 1950 1956 4517 4518 4519 5698 6165 
115: 91 92 171 172 178 179 180 181 182 183 277 279 280 281 580 581 635 636 819 820 821 822 823 905 906 907 908 909 994 995 996 1079 1080 1168 1169 1170 1171 1172 1385 1386 1624 1625 1732 1733 1734 1856 2323 4277 5377 5378 5759 5760 5761 5762 5763 5765 5839 6045 6046 6048 6049 6216 6641 6642 
116: 2613 2911 2912 3261 3262 3408 3796 3797 3798 3799 3800 3801 3802 3803 3804 3805 3806 3807 3808 3809 3810 3812 3818 3932 3934 3935 4086 4087 4088 4089 4157 
117: 7 10 13 15 16 17 31 32 33 34 35 36 37 38 39 40 41 43 44 45 46 47 48 49 50 51 52 53 54 55 56 57 58 59 60 65 66 69 70 71 840 844 845 846 847 848 849 854 1577 
118: 2668 2679 2953 2958 2959 2960 2965 2973 2974 3102 3109 3110 3111 3112 3113 3114 3158 3159 3160 3161 3162 3163 3164 3289 3290 3292 3293 3294 3296 3297 3298 3303 3304 3307 3308 3309 3312 3313 3315 3316 3318 3319 3324 3325 3339 3340 3446 3447 3448 3449 3454 3700 3701 3703 
119: 969 970 974 1032 1036 1040 1041 1046 1047 1048 1049 1050 1051 1052 1053 1121 1887 4227 4229 4230 4235 4236 4237 4238 4291 4292 4293 4294 4295 4537 4548 4610 4611 4612 4613 4614 4615 4717 4718 4719 4720 4721 4722 4725 4726 4727 4728 4729 4731 4732 4733 4734 4756 4784 4785 4792 4795 4796 4799 4866 4874 4875 4876 4877 5166 5167 5219 5220 5225 5226 5235 5266 5267 5268 5269 5326 5327 5348 5384 5385 5386 5387 5388 5405 
120: 232 233 609 1664 1667 1706 2113 2142 2145 2182 2183 2254 4283 4851 4852 4853 4854 4856 4911 4912 4913 4914 4915 4916 4918 4919 5024 5086 5087 5088 5096 5097 5324 5916 5917 5918 5919 5920 5921 5922 5985 6068 6069 6500 
121: 6313 6314 6315 6316 6317 6318 6319 6320 6321 6322 6323 6324 6325 6326 6327 6328 6329 6370 6371 6372 6373 6374 6375 6376 6377 6379 6380 6402 6403 6404 6410 6411 6412 6413 6414 6416 6445 6446 6455 6469 6470 6475 6476 6481 6482 6483 6485 
122: 11 12 21 22 23 24 25 26 27 28 29 30 61 62 63 64 295 296 306 307 308 309 354 406 479 480 481 482 483 578 579 584 585 586 1186 1206 1207 1575 1576 
123: 14 20 67 136 392 393 394 395 396 397 398 402 403 407 411 412 413 414 420 475 477 478 484 485 486 487 488 489 490 491 492 493 496 497 509 654 666 693 843 850 857 877 880 886 923 924 928 929 941 942 954 955 962 963 1043 1185 1555 1556 1557 1558 1561 1578 1579 1857 1858 1859 1863 
124: 217 347 348 349 350 351 352 357 1109 1110 1588 1596 1597 1610 1672 1699 1700 1711 1718 1719 1906 1907 1915 1916 1920 1944 4289 4362 5170 6219 6501 6502 
125: 4243 4261 4262 4263 4264 4265 4321 4382 4556 4557 4558 4559 4560 4561 4562 4563 4564 4568 4569 4570 4571 4572 4575 4576 4578 4579 4621 4634 4635 4638 4639 4807 4993 4994 5011 5013 5014 5015 5016 5017 5018 5019 5182 5183 5185 5186 5187 5243 5244 5245 5251 5252 5254 5301 5302 5303 5304 5305 5306 5307 5308 5309 5310 5311 5312 5313 5314 5363 5364 5369 5415 5416 5417 5418 5419 5424 5425 5426 5427 5428 5788 5789 5858 5862 6176 6177 6178 6181 6182 
126: 2831 2832 2833 2834 2850 2868 2869 2870 2957 2963 3040 3041 3042 3043 3051 3066 3067 3198 3199 3200 3203 3204 3205 3206 3209 3210 3211 3212 3213 3214 3215 3216 3217 3218 3219 3387 3388 3389 3390 3482 3483 3485 3489 3494 3636 3637 3638 3639 3694 3695 3699 3706 3707 3761 3773 3774 3776 3777 3917 3985 4039 4040 4041 4052 4053 
127: 2043 2044 2569 5438 5439 5930 5931 5932 5933 5934 5935 6070 6071 6072 6073 6074 
