4 2.99704 3.05477 -0.175022 3.62497 4.95458 -0.640296 1.41544 0.754653 0.824641 -0.29482 -0.213244 0.10453
0 2.61755 0.97969 1.58467 3.37687 2.07633 -2.92124 -0.312553 -0.586196 -0.198391 -0.484466 0.0840905 0.0573278
4 2.09735 3.51641 2.15437 2.36365 3.68209 0.311306 3.03013 0.670278 0.843169 -0.506303 0.151611 0.0707202
4 1.62526 3.14331 3.88513 -0.0468251 4.3073 1.22201 1.79793 -1.05644 0.302449 0.297611 -0.0382553 0.116203
0 3.07086 1.48113 1.55525 1.46173 3.48101 0.552156 -0.765784 -0.487593 -0.101583 -0.887652 0.212559 0.0444372
1 3.48182 1.07861 -1.95624 1.23644 2.33073 -1.26459 0.426812 0.60323 1.3031 -0.428082 -0.138784 -0.0258981
2 1.78246 -1.12285 -1.20539 2.6849 5.02176 1.17651 1.1181 1.8898 1.36563 -0.462992 0.244565 -0.0308471
0 2.71877 1.78905 1.34729 2.02861 4.03769 -1.39028 0.705307 -0.940005 -0.62631 -0.561316 0.145181 0.101436
2 1.7186 1.48148 -0.185255 1.81089 4.7755 1.17377 2.35274 1.50654 1.51091 -0.130522 0.0255257 0.107187
4 1.90835 2.20628 4.72377 0.705419 4.38636 1.99248 1.54996 -1.20841 1.0964 0.484805 -0.112178 0.190673
1 4.15467 1.62758 -1.19141 0.229829 3.39855 -0.990717 0.814247 0.617543 1.32063 -0.0176383 -0.161485 0.00148248
4 2.26883 3.81993 0.523999 4.87895 3.63282 -1.05056 0.273162 0.372166 0.975757 -0.249424 0.119133 -0.00325386
1 3.73988 0.888521 -0.978997 2.03991 1.84303 0.144719 0.544041 0.739538 1.21854 -0.576577 -0.0430633 -0.0066353
2 1.355 -0.129679 0.0139589 1.37385 5.88019 2.32818 1.11418 0.782956 1.08964 0.0473339 0.359716 0.046409
0 2.74161 1.79543 0.779565 3.55137 4.71606 0.656021 -0.3512 0.124225 0.416547 -0.729662 0.0872406 0.00188225
2 1.65276 -0.098814 -0.697357 2.53755 5.04515 0.710718 2.92559 1.26237 0.905367 0.127524 0.122899 0.150479
1 3.20223 1.81501 -0.109779 1.19133 2.63543 0.0517634 1.06444 1.01683 1.20475 -0.758875 0.176885 0.0208124
3 3.16991 2.63598 1.47161 5.35902 4.33232 -2.13248 -0.638252 -0.612009 0.527809 -0.351509 -0.18418 -0.0548783
0 2.84349 2.06771 1.57522 2.26259 4.45461 -1.82935 -0.193195 -0.393382 0.331507 -0.501865 0.000238096 0.0612311
4 3.05038 2.67502 2.06067 2.66191 4.15727 1.42946 0.00890694 -0.201081 1.62226 -0.49844 0.111221 -0.0669179
3 2.12317 2.81357 2.30138 3.31111 3.87595 -0.0828527 1.06528 0.0923193 0.782142 0.243839 -0.0722987 0.0366694
0 2.63659 2.76099 1.23096 3.29319 5.2197 -2.50121 0.296726 -0.537581 0.447528 -0.0546305 -0.212086 0.0865487
1 2.02505 2.92427 0.686451 2.15737 2.18302 -1.70465 2.37987 1.21936 1.04815 -0.379733 0.126227 0.112357
4 2.28375 2.67881 4.27375 0.422057 4.32902 2.7846 -0.841658 0.410284 0.51945 -0.040607 0.255513 -0.0374128
4 2.18865 3.36504 3.27368 1.64354 4.79202 -0.132842 -0.787726 0.575079 0.530951 0.0556253 -0.048597 -0.0911421
4 2.47959 2.74782 3.74315 2.56219 3.68799 0.372898 -0.462135 -1.12086 1.96896 -0.483476 -0.243912 0.0140766
3 2.73936 3.36591 2.56942 3.8123 4.37215 -0.856286 -0.093272 -0.538732 0.753141 0.0240377 -0.251707 -0.0595949
2 1.04795 -0.505536 -0.867162 3.1529 4.11334 2.7457 1.35873 1.08135 0.841139 -0.105444 0.575566 -0.0332698
3 2.62166 3.02129 1.03367 2.79493 6.56546 -0.628378 0.543897 -0.342079 0.492471 0.255921 -0.260889 -0.018902
3 3.48228 2.1039 -0.130085 3.57321 3.73667 -1.44619 0.377034 -0.974791 -0.202884 -0.67014 0.129553 0.096468
3 2.87995 3.13176 2.1925 2.27321 5.39502 -0.89959 -0.00669738 -0.777103 0.419407 0.1198 -0.240032 -0.0426306
2 1.93876 0.538459 -3.12013 2.57381 6.24134 1.03188 2.58098 0.46975 1.27947 -0.0906036 0.127801 0.0959461
1 2.09338 2.22079 1.00182 2.4466 2.25993 0.177602 1.70804 0.419557 1.12137 -0.275445 0.192574 0.0644282
2 1.93972 -1.0656 -1.32842 1.81416 6.1808 2.41768 0.267037 0.93294 1.44465 -0.33817 0.418397 -0.0499731
0 2.39806 1.39078 0.558511 3.84481 4.3841 -0.811883 0.111226 -0.410147 0.646571 -0.60425 -0.0209127 0.0288854
2 0.801349 -0.410812 0.0927485 1.46168 6.30086 1.45316 1.86028 0.358147 0.787509 0.368385 0.287682 0.0489599
2 1.0651 0.0960474 -1.50255 3.69057 5.06597 1.95584 1.5709 0.533735 1.11729 0.0643176 0.416416 0.0296887
4 2.80124 2.65313 1.15623 3.11332 4.2163 1.42308 -1.59437 0.998289 0.89177 -0.539312 0.17423 -0.145514
2 2.24478 0.651469 1.89197 1.13771 1.6396 -0.35234 1.40906 1.06864 1.40012 0.472071 0.133426 0.0673725
3 2.63405 2.59158 2.09266 2.52082 4.82125 -0.468629 1.60968 0.628529 0.666678 0.339125 -0.264064 0.106844
2 1.67539 -1.03141 -2.01189 3.56727 5.73986 1.39681 0.867104 1.37207 1.30151 -0.275045 0.273134 -0.00533138
4 2.16758 2.01302 4.17047 0.579093 3.70728 1.60198 2.50106 0.862604 0.775662 -0.218308 -0.0300985 0.176185
0 2.36637 2.27332 1.46608 1.53965 5.37224 0.947096 0.145285 -0.856326 0.364271 -0.239467 0.0257336 -0.00896645
2 1.2922 1.14417 -1.30486 3.42758 6.17844 0.570335 1.89191 0.738782 1.43123 0.148068 0.182874 0.134069
4 2.48355 1.76168 3.57402 1.15323 6.84368 1.42283 0.00354841 1.72555 0.391297 0.334827 0.0467966 -0.0374737
0 3.36012 1.6238 0.377335 3.56447 4.39244 -1.44287 -1.11727 -0.425532 0.0634139 -0.162999 -0.219971 -0.00664071
3 3.24582 1.32623 -0.754875 3.94924 3.63809 -3.10632 -1.22266 -0.939791 0.373655 -0.190001 -0.352012 0.0401717
2 1.22483 -0.500437 -0.707648 3.44096 6.12897 0.98554 1.70993 0.291066 1.3058 0.275318 0.258413 0.11476
4 3.17077 2.47832 0.895488 3.31322 4.17159 2.04541 0.314929 0.8338 0.613112 -0.458664 0.187021 -0.0153718
0 3.0785 1.61541 1.7018 4.32398 1.57207 -0.301695 0.493157 -0.743107 -0.079907 -0.820634 0.21304 -0.0281342
3 2.71481 2.37892 2.82136 3.98027 5.86198 -1.88336 0.44945 0.489377 0.360212 0.309617 -0.356506 0.0254999
2 2.08809 -0.510894 0.642503 1.87744 2.82033 0.476679 2.41782 1.47545 1.56354 0.161959 0.0618055 0.0277064
3 2.13163 4.1047 2.62353 2.62449 4.61601 -0.109086 -0.381356 -0.730805 0.666958 0.222644 -0.189975 -0.0615589
2 1.8529 -0.597339 -1.47063 1.4236 6.78672 1.07849 1.29491 1.05294 0.952067 0.199668 0.112459 -0.0244588
3 3.42382 2.85719 0.562551 5.32193 3.61684 -0.816878 -1.14963 -0.207942 0.115938 -0.405341 -0.0648404 -0.0554834
1 3.22498 1.00387 -0.670047 3.39479 1.00028 -1.50657 1.58876 0.544594 0.940101 -0.358406 0.11825 -0.00935334
0 1.93318 2.55676 2.77843 3.73271 1.5934 -1.39289 1.79834 0.66635 1.29631 -0.39031 0.16474 0.167796
0 3.02142 2.02484 1.19961 2.71234 3.58312 -0.421923 -0.483877 -0.450036 0.337001 -0.850157 0.251678 0.00869162
1 1.52707 -0.0465792 1.37939 0.591646 1.2567 -0.346613 0.577359 0.439791 0.502778 -0.280543 0.189751 0.0589866
4 1.73682 3.2307 5.65692 0.593706 6.16469 0.89475 0.452716 -1.85675 0.205228 1.0892 -0.340262 0.0187945
1 3.19788 1.59441 0.798311 -0.410181 3.90572 -1.10338 0.154467 1.639 0.866122 -0.105662 -0.270519 -0.0336395
0 2.16 1.97663 1.491 2.93969 5.14997 -0.494273 0.819757 -0.0200764 0.48378 -0.526084 -0.0840555 0.0717685
3 2.87318 2.53195 1.91233 4.72567 4.52784 -1.56689 -0.833255 0.518274 0.212765 -0.255007 -0.206192 -0.0309227
0 2.8665 2.05791 1.09133 2.10246 3.06629 -0.266162 -1.61414 0.250982 -0.257442 -0.786096 0.268379 -0.0249691
3 3.44469 1.99396 1.98047 4.54656 4.45994 -0.463365 -0.701283 -0.224752 0.771404 -0.470851 -0.0352254 -0.0867437
0 2.41601 1.14424 1.13957 4.74324 3.09278 -0.684462 0.14022 -0.261238 0.730523 -0.861594 0.111831 0.0146645
4 2.3626 1.96821 3.50371 1.82228 3.12438 0.551641 2.31709 0.421018 0.696766 0.0570661 0.166107 0.117531
2 1.47144 0.146054 -0.663115 1.56835 4.59124 2.43714 1.90865 1.01799 1.14715 -0.160389 0.384535 -0.0240369
2 1.57392 0.112782 -2.55997 3.51203 4.56555 1.43652 2.0991 1.20481 1.13551 -0.216135 0.297138 -0.0194504
1 3.09453 2.74653 -0.574646 2.42633 2.73143 -1.45112 1.17022 0.622789 1.35626 -0.257675 -0.060303 0.0503989
0 2.74605 0.0621857 1.37796 4.01419 0.907523 -1.31144 0.507608 -1.52361 -0.193199 -0.568436 0.233141 -0.0271744
4 2.52214 3.10853 4.85874 1.82055 4.1198 2.09247 -0.329527 -2.95296 1.37033 -0.250067 0.0385483 0.00582086
2 2.20966 0.485106 0.817867 2.39937 4.11205 0.784191 2.62901 1.45421 1.3411 0.0898968 0.0728536 0.174034
2 0.971565 -0.208096 -0.0155198 3.28973 4.57754 1.84124 1.28194 1.07061 1.0837 -0.134213 0.549651 0.0337238
0 2.28178 2.27578 1.95075 3.84808 2.70719 -1.7461 -0.0511488 -0.038662 0.798262 -0.929089 0.129979 0.0377878
1 3.88282 1.40236 -0.304629 2.11202 1.35125 -1.58458 1.27913 0.366589 1.10862 -0.284523 0.124155 0.0406584
2 0.81385 -0.803845 0.194048 1.508 5.21571 1.62527 2.44895 0.52785 0.400857 0.329089 0.416331 -0.00563776
0 1.74695 2.6248 1.10687 4.61175 4.30086 -1.2875 1.22607 0.175193 0.697337 -0.720864 0.0342311 0.0627363
0 2.80448 1.17349 1.50501 1.87973 2.69068 -1.87733 0.069389 -0.80693 -0.588809 -0.531844 0.22727 0.0992296
4 2.18255 3.8999 0.513482 3.89904 5.12469 -1.7135 0.485917 -0.0656133 0.844384 -0.123676 -0.0819469 -0.00130513
4 1.24711 3.16025 4.62113 1.26748 4.83896 0.681386 0.523553 0.439641 1.04707 0.0272516 0.0251183 0.0587714
0 2.86913 1.40347 2.10309 2.70241 3.68386 -1.18645 -0.815365 -0.0584998 0.296918 -0.606345 0.0931584 0.0299117
0 2.22213 2.29032 2.80327 2.80237 2.97598 -1.63847 1.63991 0.363353 1.02024 0.0177842 0.0771789 0.169712
0 2.61066 2.87874 1.34929 3.67502 4.82173 -0.881923 0.152701 0.447931 0.530219 -0.270474 -0.0797769 -0.0153
0 2.44203 1.58618 1.54167 2.03832 4.45532 -0.0637472 -0.513267 0.453414 -0.428709 -0.575178 -0.00098763 0.0100181
2 2.29981 -0.355518 -2.49426 1.95864 5.69039 2.08504 0.609203 1.49152 1.52571 -0.347335 0.251456 -0.121293
1 2.10399 1.63613 1.35529 1.19242 2.60954 0.634949 4.11803 1.63265 0.121856 -0.388452 0.452185 0.143566
2 1.99813 -0.719447 -2.93131 3.7064 5.82088 0.470889 2.03344 1.06409 1.35804 -0.295089 0.000650677 0.0753842
0 1.99326 3.01592 2.39826 3.60084 3.9233 -2.46062 0.671643 0.0862586 0.655378 -0.361699 -0.163086 0.0925506
2 2.2563 -1.32849 -0.697248 0.697688 7.20623 1.48614 0.676307 0.918261 1.19238 0.0506511 0.128695 0.0132872
0 2.8508 2.42522 1.59608 3.52984 3.51902 -2.35319 -0.434134 -0.58732 0.299704 -0.604489 0.101674 0.0214819
1 3.37599 2.20495 0.0218388 2.69907 1.46541 -0.251086 0.0106074 0.922988 1.55382 -0.241145 0.0817441 -0.0259554
2 1.33216 0.630353 -1.21926 1.9506 6.19541 1.42417 2.09416 0.527747 1.12294 0.17102 0.157039 0.0895689
3 3.13649 1.31173 0.489661 4.779 3.65162 -2.70233 -0.13655 -0.292108 0.553074 -0.375367 -0.232054 0.0293571
0 3.38354 0.560809 -0.00526732 3.34838 2.27391 -2.69058 -0.314031 -1.24968 0.0819467 -0.678024 0.158298 0.0638112
0 2.85364 0.27586 0.797195 2.93624 2.2976 -1.0122 0.313732 -0.88075 -0.480115 -0.713401 0.226009 0.0948879
2 1.42474 0.78404 -2.3139 3.19345 5.63457 2.06851 1.48515 0.300069 1.46195 0.0120216 0.373833 -0.0174144
4 0.638097 1.52458 3.6281 1.52135 2.093 1.53725 2.62595 1.13029 1.0948 0.190475 0.444516 0.111528
2 1.69962 -1.83593 -0.0821094 1.71569 5.80243 0.379547 1.91736 1.62077 0.864443 -0.348932 0.112579 0.111286
3 3.05474 2.26066 2.10389 1.25571 5.92329 0.275275 -0.0761407 0.408038 0.00438778 0.246142 -0.216305 -0.0536336
1 3.30519 1.99749 0.53909 1.16167 2.31366 -1.86384 0.409581 0.920461 1.43666 -0.351622 0.0111301 0.0369605
3 1.87824 0.949701 3.39692 2.72375 2.24067 -0.0851627 2.92943 0.642218 0.608341 0.271502 0.293551 0.147236
2 1.91821 -0.0274092 -1.20443 1.35127 4.91297 3.39089 0.676689 0.772358 1.87389 -0.575516 0.527033 -0.0956732
3 3.05484 3.42933 0.760229 4.1242 4.95677 -0.635146 -0.8164 -0.113547 0.001318 0.12195 -0.192082 -0.0645195
2 1.35057 -0.160807 -1.90751 2.60294 5.31069 2.30796 1.02941 1.20222 0.810118 -0.101481 0.413584 -0.0463996
3 3.00016 3.32742 2.03245 4.1753 3.74216 0.696919 -1.40722 -0.225223 0.686126 -0.3593 0.159486 -0.159999
4 1.80481 3.41007 2.64041 2.0229 5.25202 0.628653 1.33232 0.952331 1.39992 -0.450281 0.118709 0.0105062
0 3.22072 1.44133 0.579945 2.2405 4.267 -2.32342 -0.209452 -0.980099 -0.111142 -0.62448 0.0071599 0.139711
4 2.80618 2.62966 3.24635 0.5001 5.23605 2.32768 0.62377 0.073297 1.23729 -0.273713 0.235572 0.0593613
3 3.79858 2.39862 1.74133 2.85881 5.33113 0.225018 -0.785083 -1.0182 0.810464 -0.53033 0.144627 -0.0799427
4 2.30443 4.13529 3.13014 1.06813 4.49248 1.64626 -0.338147 -1.5563 0.664997 -0.474561 0.478374 -0.0889261
4 2.60737 2.25607 3.74051 1.15666 5.39534 1.51657 -0.36947 -0.492262 1.27335 0.0800732 0.0597228 -0.00436488
0 3.26503 1.16756 0.669684 2.41868 2.78376 -1.85737 -1.39409 -0.454343 0.23221 -0.722164 0.129911 0.0684257
4 1.57585 4.50561 2.14196 2.86406 5.42462 -0.651424 0.957798 0.161571 1.41404 -0.103516 0.0404663 -0.0676544
0 2.4225 1.96144 1.58428 3.15944 4.15998 -1.79519 0.75751 0.00925718 0.60346 -0.444543 -0.067104 0.106409
0 2.05785 1.57903 3.06085 2.04873 1.12622 -0.977093 1.18012 -0.221868 0.586585 -0.248506 0.173915 0.136549
2 1.65483 -1.45757 -1.90132 4.62926 4.65783 -0.405018 1.85467 1.57402 1.07807 -0.523919 -0.00157087 0.0937369
0 2.53544 1.1461 2.35444 0.286994 3.31138 -1.36709 -1.01786 -0.113873 -0.386132 -0.642216 -0.0733762 0.0782564
2 0.922116 -0.403268 0.215064 3.12016 5.27088 1.2976 2.01724 0.2806 1.13537 0.260255 0.272952 0.11807
3 3.34654 2.52366 0.635597 2.95013 5.34346 -1.12592 -0.298538 -0.925838 0.126692 -0.168525 -0.183812 -0.022472
3 3.10278 1.73095 -0.249852 4.95579 2.67626 -0.767705 0.999426 -0.0972416 0.350908 -0.667403 0.0867091 0.0211939
4 1.63633 2.6438 5.19967 0.550166 5.14073 1.5372 0.463304 -1.62518 0.887342 0.640063 -0.131351 0.0798365
0 2.63608 2.07659 2.5188 1.77186 2.83392 -1.60693 -1.23536 -0.134723 0.160045 -0.733452 0.0729716 0.0183709
0 3.22846 1.71499 1.19288 1.44733 4.17607 -1.16033 -1.20524 -0.35222 -0.15735 -0.599117 0.223561 0.0296601
0 2.81925 1.79506 1.21053 4.13643 3.1732 0.353004 -1.07867 0.591688 0.349663 -0.793369 0.0849006 0.00327755
3 2.28389 3.81736 2.95929 2.90124 5.60386 -1.581 0.306699 -0.394582 0.559747 0.319571 -0.396535 -0.0114134
2 0.967043 0.191176 -1.05794 2.73593 5.44931 2.94074 0.813495 0.24234 1.33771 0.0444663 0.504684 -0.0127407
4 2.81051 3.58513 -0.543426 3.95755 3.00423 0.826749 0.608008 1.11055 0.811848 -0.395006 0.0318434 -0.00931619
