2 0.757438 -1.17681 -0.72663 3.11517 5.26242 3.49103 0.483504 0.721078 0.613698 0.199556 0.631917 0.0137757 
0 2.79836 1.74892 1.78064 2.49046 3.08287 -1.96566 -2.26889 0.569899 0.635484 -0.614092 0.037672 0.0240074 
1 3.60073 1.51932 -0.903387 1.25148 1.90825 -0.205344 0.624226 0.709115 1.35528 -0.838543 0.286339 0.0154598 
3 2.47003 0.988127 3.91905 3.37234 2.36106 -0.0370947 3.18344 0.384323 0.20587 0.14824 0.520644 0.120208 
4 1.91835 1.19299 5.18406 1.15723 5.76358 1.45231 0.411415 -0.139335 0.885551 1.04049 0.000945407 0.0531058 
0 2.99921 2.51186 1.56045 1.75916 2.51207 -0.400905 -0.373237 -0.739645 0.121151 -0.79467 0.577418 0.0207444 
1 1.95992 -0.373397 -1.8026 3.70015 1.57438 -1.18377 2.09253 0.524131 0.514167 -1.07903 0.0255752 0.0797977 
2 1.742 -1.07654 -3.37555 3.93154 6.47543 0.864803 1.72128 0.604155 1.23551 -0.380073 0.0801311 0.112391 
4 2.64562 2.67209 3.00182 0.650157 6.11325 1.4938 0.018331 -0.839553 0.997335 0.178595 0.268149 -0.0162813 
0 3.05682 0.407668 1.30742 2.87089 1.68706 -0.795109 0.646096 -1.41664 -0.635057 -0.619121 0.470062 0.0839296 
3 4.09587 3.71766 0.0646009 3.12544 4.90406 0.258137 -0.67423 -0.11774 -1.10968 -0.208911 -0.195307 0.026364 
2 1.70565 -0.769977 0.625915 0.88555 5.32138 2.16088 1.20445 1.03257 1.29504 0.180686 0.33244 -0.0342333 
0 2.94829 1.93041 0.653172 2.38067 4.42756 -1.62259 0.0580736 -0.102348 0.619043 -0.439836 -0.0140643 0.0895872 
0 2.6829 0.436758 1.62224 0.0730824 3.72937 0.138135 -0.888713 -0.771034 0.161295 -1.03822 -0.242705 0.148937 
0 3.386 1.76489 1.90169 3.88914 2.50187 -0.796772 0.0678468 -0.434901 0.0646782 -0.955887 0.0813365 0.0109829 
1 3.39221 1.4041 -1.06665 1.09989 1.96566 -0.35802 0.970292 0.755451 1.22331 -0.924971 0.415751 0.0362764 
3 3.03706 3.08152 2.96477 3.34635 4.73541 -1.37998 -1.31581 0.166692 0.657184 -0.0070471 -0.359242 -0.0838253 
3 2.29425 3.55589 0.683205 3.11334 4.8537 -2.40491 -0.729618 -1.35919 0.217145 0.205188 -0.417239 -0.0317412 
2 1.33606 -0.208258 -1.71438 4.20022 4.8095 2.03037 1.54306 0.699893 1.072 -0.159144 0.515655 0.0589233 
4 2.43781 1.98266 3.52157 1.76105 1.94946 -0.625236 1.38228 0.033008 0.242702 -0.0941899 0.332547 0.0833484 
2 0.72197 0.490672 -0.531769 3.21212 4.85817 1.26528 1.99728 0.52226 1.22803 0.218355 0.411292 0.00133705 
0 2.2064 1.31852 0.140348 3.76763 4.56577 -2.06886 -0.172417 -0.319186 1.29767 -0.604564 0.17673 0.0534574 
3 2.81407 1.97903 1.70497 5.38859 4.81437 -1.05585 -0.618757 0.453167 0.822854 0.276269 -0.370606 -0.102062 
0 2.75386 2.74197 1.1775 1.44584 3.79545 -0.975632 -0.249838 -1.19098 -0.201882 -0.0142006 0.23909 0.018041 
4 2.04903 3.51865 3.35452 1.67139 5.65022 0.207506 -0.558385 0.315865 1.0695 -0.182041 0.151598 -0.150846 
2 2.12547 -1.95576 -1.2395 3.56561 5.26047 0.179805 1.91959 2.01008 0.906524 -0.286649 -0.0092935 0.076808 
4 2.26751 3.43422 2.88132 2.21668 4.24278 -0.948747 1.38307 0.216393 0.753815 0.0812639 -0.223331 0.0982188 
0 2.46248 1.73913 1.09979 1.40391 5.37503 1.99959 0.0750154 -1.59366 0.187478 -0.251028 0.0158461 0.0378349 
0 2.64544 1.86451 1.86088 1.58526 2.84477 -0.899358 -0.308909 -0.877739 -0.419997 -0.762589 0.341332 -0.0089591 
3 3.15409 1.96687 1.49045 3.99512 3.51331 -0.942022 -1.18006 0.406053 -0.0136191 -0.481814 -0.177964 -0.0121433 
3 2.27772 0.597369 2.663 2.12952 2.8119 -0.376213 1.78079 0.654149 0.202707 0.250813 0.272768 0.116932 
2 2.07611 -0.976225 -1.81727 2.24781 5.49747 0.605834 1.77414 1.96819 0.91941 -0.491068 0.256206 0.0404365 
