1 3.0656
2 2.75632
3 2.65911
4 2.61408
5 2.58902
6 2.57297
7 2.56129
8 2.55241
9 2.54525
10 2.5391
11 2.53331
12 2.52789
13 2.52339
14 2.5193
15 2.51586
16 2.51318
17 2.51092
18 2.50885
19 2.50716
20 2.50525
21 2.50348
22 2.50195
23 2.50067
24 2.49947
25 2.49858
26 2.49735
27 2.49683
28 2.49611
29 2.49541
30 2.49504
31 2.49467
32 2.49444
33 2.49417
34 2.49402
35 2.49385
36 2.49356
37 2.49336
38 2.49308
39 2.49292
40 2.49285
41 2.49277
42 2.49262
43 2.49243
44 2.4922
45 2.49206
46 2.49175
47 2.49159
48 2.49151
49 2.49148
50 2.49144
