2 1 Distortion: 14.391
2 1 14.391
2 2 Distortion: 13.1559
2 2 13.1559
2 3 Distortion: 12.3978
2 3 12.3978
2 4 Distortion: 11.8646
2 4 11.8646
2 5 Distortion: 11.5314
2 5 11.5314
2 6 Distortion: 11.3635
2 6 11.3635
2 7 Distortion: 11.3041
2 7 11.3041
2 8 Distortion: 11.2927
2 8 11.2927
2 9 Distortion: 11.2911
2 9 11.2911
2 10 Distortion: 11.2909
2 10 11.2909
4 1 Distortion: 9.74374
4 1 9.74374
4 2 Distortion: 9.39582
4 2 9.39582
4 3 Distortion: 9.26868
4 3 9.26868
4 4 Distortion: 9.18892
4 4 9.18892
4 5 Distortion: 9.1293
4 5 9.1293
4 6 Distortion: 9.07537
4 6 9.07537
4 7 Distortion: 9.02918
4 7 9.02918
4 8 Distortion: 8.99866
4 8 8.99866
4 9 Distortion: 8.97384
4 9 8.97384
4 10 Distortion: 8.92201
4 10 8.92201
4 11 Distortion: 8.79161
4 11 8.79161
4 12 Distortion: 8.59219
4 12 8.59219
4 13 Distortion: 8.451
4 13 8.451
4 14 Distortion: 8.4223
4 14 8.4223
4 15 Distortion: 8.41751
4 15 8.41751
4 16 Distortion: 8.41692
4 16 8.41692
8 1 Distortion: 7.36222
8 1 7.36222
8 2 Distortion: 7.03773
8 2 7.03773
8 3 Distortion: 6.89072
8 3 6.89072
8 4 Distortion: 6.79008
8 4 6.79008
8 5 Distortion: 6.73812
8 5 6.73812
8 6 Distortion: 6.70819
8 6 6.70819
8 7 Distortion: 6.68859
8 7 6.68859
8 8 Distortion: 6.67397
8 8 6.67397
8 9 Distortion: 6.66206
8 9 6.66206
8 10 Distortion: 6.64521
8 10 6.64521
8 11 Distortion: 6.61987
8 11 6.61987
8 12 Distortion: 6.58159
8 12 6.58159
8 13 Distortion: 6.51041
8 13 6.51041
8 14 Distortion: 6.39922
8 14 6.39922
8 15 Distortion: 6.32811
8 15 6.32811
8 16 Distortion: 6.31338
8 16 6.31338
8 17 Distortion: 6.30825
8 17 6.30825
8 18 Distortion: 6.30536
8 18 6.30536
8 19 Distortion: 6.3046
8 19 6.3046
8 20 Distortion: 6.30414
8 20 6.30414
8 21 Distortion: 6.30399
8 21 6.30399
8 22 Distortion: 6.30393
8 22 6.30393
8 23 Distortion: 6.3039
8 23 6.3039
8 24 Distortion: 6.30386
8 24 6.30386
8 25 Distortion: 6.30384
8 25 6.30384
8 26 Distortion: 6.30381
8 26 6.30381
8 27 Distortion: 6.30379
8 27 6.30379
8 28 Distortion: 6.30377
8 28 6.30377
8 29 Distortion: 6.30374
8 29 6.30374
8 30 Distortion: 6.30372
8 30 6.30372
8 31 Distortion: 6.30369
8 31 6.30369
8 32 Distortion: 6.30369
8 32 6.30369
8 33 Distortion: 6.30368
8 33 6.30368
8 34 Distortion: 6.30368
8 34 6.30368
8 35 Distortion: 6.30368
8 35 6.30368
8 36 Distortion: 6.30367
8 36 6.30367
16 1 Distortion: 5.72648
16 1 5.72648
16 2 Distortion: 5.49209
16 2 5.49209
16 3 Distortion: 5.37547
16 3 5.37547
16 4 Distortion: 5.29618
16 4 5.29618
16 5 Distortion: 5.24214
16 5 5.24214
16 6 Distortion: 5.20547
16 6 5.20547
16 7 Distortion: 5.17428
16 7 5.17428
16 8 Distortion: 5.13747
16 8 5.13747
16 9 Distortion: 5.10955
16 9 5.10955
16 10 Distortion: 5.09174
16 10 5.09174
16 11 Distortion: 5.08274
16 11 5.08274
16 12 Distortion: 5.07719
16 12 5.07719
16 13 Distortion: 5.07414
16 13 5.07414
16 14 Distortion: 5.0719
16 14 5.0719
16 15 Distortion: 5.07009
16 15 5.07009
16 16 Distortion: 5.0688
16 16 5.0688
16 17 Distortion: 5.06808
16 17 5.06808
16 18 Distortion: 5.06746
16 18 5.06746
16 19 Distortion: 5.06674
16 19 5.06674
16 20 Distortion: 5.06574
16 20 5.06574
16 21 Distortion: 5.06483
16 21 5.06483
16 22 Distortion: 5.06388
16 22 5.06388
16 23 Distortion: 5.06313
16 23 5.06313
16 24 Distortion: 5.06227
16 24 5.06227
16 25 Distortion: 5.06151
16 25 5.06151
16 26 Distortion: 5.06102
16 26 5.06102
16 27 Distortion: 5.0605
16 27 5.0605
16 28 Distortion: 5.06014
16 28 5.06014
16 29 Distortion: 5.05985
16 29 5.05985
16 30 Distortion: 5.0597
16 30 5.0597
16 31 Distortion: 5.0596
16 31 5.0596
16 32 Distortion: 5.05947
16 32 5.05947
16 33 Distortion: 5.0593
16 33 5.0593
16 34 Distortion: 5.05914
16 34 5.05914
16 35 Distortion: 5.05875
16 35 5.05875
16 36 Distortion: 5.05845
16 36 5.05845
16 37 Distortion: 5.05826
16 37 5.05826
16 38 Distortion: 5.0581
16 38 5.0581
16 39 Distortion: 5.05793
16 39 5.05793
16 40 Distortion: 5.0579
16 40 5.0579
16 41 Distortion: 5.05788
16 41 5.05788
16 42 Distortion: 5.05788
16 42 5.05788
16 43 Distortion: 5.05787
16 43 5.05787
32 1 Distortion: 4.57962
32 1 4.57962
32 2 Distortion: 4.3671
32 2 4.3671
32 3 Distortion: 4.25324
32 3 4.25324
32 4 Distortion: 4.17968
32 4 4.17968
32 5 Distortion: 4.12881
32 5 4.12881
32 6 Distortion: 4.09148
32 6 4.09148
32 7 Distortion: 4.06897
32 7 4.06897
32 8 Distortion: 4.05213
32 8 4.05213
32 9 Distortion: 4.04023
32 9 4.04023
32 10 Distortion: 4.03103
32 10 4.03103
32 11 Distortion: 4.02486
32 11 4.02486
32 12 Distortion: 4.02147
32 12 4.02147
32 13 Distortion: 4.01799
32 13 4.01799
32 14 Distortion: 4.01508
32 14 4.01508
32 15 Distortion: 4.01316
32 15 4.01316
32 16 Distortion: 4.01174
32 16 4.01174
32 17 Distortion: 4.01045
32 17 4.01045
32 18 Distortion: 4.00939
32 18 4.00939
32 19 Distortion: 4.0082
32 19 4.0082
32 20 Distortion: 4.00683
32 20 4.00683
32 21 Distortion: 4.00581
32 21 4.00581
32 22 Distortion: 4.00532
32 22 4.00532
32 23 Distortion: 4.0047
32 23 4.0047
32 24 Distortion: 4.00432
32 24 4.00432
32 25 Distortion: 4.00368
32 25 4.00368
32 26 Distortion: 4.00339
32 26 4.00339
32 27 Distortion: 4.00313
32 27 4.00313
32 28 Distortion: 4.00279
32 28 4.00279
32 29 Distortion: 4.00227
32 29 4.00227
32 30 Distortion: 4.00201
32 30 4.00201
32 31 Distortion: 4.00187
32 31 4.00187
32 32 Distortion: 4.00175
32 32 4.00175
32 33 Distortion: 4.00164
32 33 4.00164
32 34 Distortion: 4.00154
32 34 4.00154
32 35 Distortion: 4.00147
32 35 4.00147
32 36 Distortion: 4.00135
32 36 4.00135
32 37 Distortion: 4.00135
32 37 4.00135
32 38 Distortion: 4.00133
32 38 4.00133
32 39 Distortion: 4.00132
32 39 4.00132
64 1 Distortion: 3.57521
64 1 3.57521
64 2 Distortion: 3.37815
64 2 3.37815
64 3 Distortion: 3.28729
64 3 3.28729
64 4 Distortion: 3.24534
64 4 3.24534
64 5 Distortion: 3.22066
64 5 3.22066
64 6 Distortion: 3.20625
64 6 3.20625
64 7 Distortion: 3.19654
64 7 3.19654
64 8 Distortion: 3.1884
64 8 3.1884
64 9 Distortion: 3.18161
64 9 3.18161
64 10 Distortion: 3.17634
64 10 3.17634
64 11 Distortion: 3.17148
64 11 3.17148
64 12 Distortion: 3.16821
64 12 3.16821
64 13 Distortion: 3.1645
64 13 3.1645
64 14 Distortion: 3.16115
64 14 3.16115
64 15 Distortion: 3.15816
64 15 3.15816
64 16 Distortion: 3.15512
64 16 3.15512
64 17 Distortion: 3.15302
64 17 3.15302
64 18 Distortion: 3.15145
64 18 3.15145
64 19 Distortion: 3.15012
64 19 3.15012
64 20 Distortion: 3.14886
64 20 3.14886
64 21 Distortion: 3.1479
64 21 3.1479
64 22 Distortion: 3.14712
64 22 3.14712
64 23 Distortion: 3.14662
64 23 3.14662
64 24 Distortion: 3.14617
64 24 3.14617
64 25 Distortion: 3.14575
64 25 3.14575
64 26 Distortion: 3.14549
64 26 3.14549
64 27 Distortion: 3.14528
64 27 3.14528
64 28 Distortion: 3.14514
64 28 3.14514
64 29 Distortion: 3.14501
64 29 3.14501
64 30 Distortion: 3.14493
64 30 3.14493
64 31 Distortion: 3.14487
64 31 3.14487
64 32 Distortion: 3.14479
64 32 3.14479
64 33 Distortion: 3.14466
64 33 3.14466
64 34 Distortion: 3.1445
64 34 3.1445
64 35 Distortion: 3.14429
64 35 3.14429
64 36 Distortion: 3.14399
64 36 3.14399
64 37 Distortion: 3.1438
64 37 3.1438
64 38 Distortion: 3.14377
64 38 3.14377
64 39 Distortion: 3.14374
64 39 3.14374
64 40 Distortion: 3.14374
64 40 3.14374
64 41 Distortion: 3.14372
64 41 3.14372
64 42 Distortion: 3.14371
64 42 3.14371
64 43 Distortion: 3.1437
64 43 3.1437
64 44 Distortion: 3.14368
64 44 3.14368
64 45 Distortion: 3.14361
64 45 3.14361
64 46 Distortion: 3.14352
64 46 3.14352
64 47 Distortion: 3.14351
64 47 3.14351
128 1 Distortion: 2.84098
128 1 2.84098
128 2 Distortion: 2.68751
128 2 2.68751
128 3 Distortion: 2.629
128 3 2.629
128 4 Distortion: 2.59319
128 4 2.59319
128 5 Distortion: 2.56998
128 5 2.56998
128 6 Distortion: 2.5517
128 6 2.5517
128 7 Distortion: 2.53879
128 7 2.53879
128 8 Distortion: 2.52893
128 8 2.52893
128 9 Distortion: 2.52026
128 9 2.52026
128 10 Distortion: 2.51465
128 10 2.51465
128 11 Distortion: 2.51068
128 11 2.51068
128 12 Distortion: 2.50781
128 12 2.50781
128 13 Distortion: 2.50562
128 13 2.50562
128 14 Distortion: 2.50414
128 14 2.50414
128 15 Distortion: 2.5024
128 15 2.5024
128 16 Distortion: 2.50024
128 16 2.50024
128 17 Distortion: 2.49787
128 17 2.49787
128 18 Distortion: 2.49492
128 18 2.49492
128 19 Distortion: 2.49324
128 19 2.49324
128 20 Distortion: 2.49231
128 20 2.49231
128 21 Distortion: 2.49084
128 21 2.49084
128 22 Distortion: 2.48862
128 22 2.48862
128 23 Distortion: 2.48695
128 23 2.48695
128 24 Distortion: 2.48555
128 24 2.48555
128 25 Distortion: 2.48405
128 25 2.48405
128 26 Distortion: 2.48295
128 26 2.48295
128 27 Distortion: 2.48253
128 27 2.48253
128 28 Distortion: 2.48224
128 28 2.48224
128 29 Distortion: 2.48183
128 29 2.48183
128 30 Distortion: 2.4816
128 30 2.4816
128 31 Distortion: 2.48143
128 31 2.48143
128 32 Distortion: 2.4814
128 32 2.4814
128 33 Distortion: 2.48132
128 33 2.48132
128 34 Distortion: 2.48122
128 34 2.48122
128 35 Distortion: 2.48117
128 35 2.48117
128 36 Distortion: 2.48113
128 36 2.48113
128 37 Distortion: 2.4811
128 37 2.4811
