1 4.05756 1.12003 -0.77661 0.64409 2.35895 0.305438 0.483988 0.7464 1.09436 -0.699324 0.0460944 0.0136088
0 2.71369 0.579037 1.57658 2.90084 1.68745 -0.901657 0.203176 -1.24756 -0.521158 -0.606831 0.288298 0.0440996
2 2.12124 -0.396636 0.713363 2.11377 3.0476 0.567183 2.4831 1.49362 1.51788 0.102993 0.0912296 0.0629656
4 1.54138 3.27983 4.10468 1.05429 4.29564 -0.411978 -0.357041 0.697953 0.306539 0.51758 -0.103225 -0.00532512
1 1.50427 0.111715 1.31428 0.612523 1.35001 -0.335286 0.610071 0.368916 0.491866 -0.270505 0.197008 0.0558716
0 3.10048 1.74461 1.33659 1.93148 3.22369 0.219979 -0.707796 -0.410116 -0.0623772 -0.945079 0.32214 0.0357914
2 0.93154 -0.348359 -0.153226 3.03338 4.01231 2.1989 1.63222 1.07652 0.938348 -0.121304 0.554712 -0.0137003
0 2.15254 2.18408 3.17143 2.81402 2.00895 -1.82796 1.08041 0.177694 0.956887 -0.310037 0.0308273 0.17133
1 2.98749 0.76323 -1.61568 1.55027 0.436715 -1.16708 0.818915 0.885929 0.901104 -0.924752 0.109673 0.00323519
0 2.50301 1.22333 2.46308 0.491325 3.16339 -1.38882 -1.05521 -0.135911 -0.246753 -0.647222 -0.0843869 0.0750124
2 0.75468 -0.53658 0.382054 2.53758 5.01483 1.15084 2.57214 0.604207 0.646545 0.313644 0.314129 0.0871858
4 2.43552 3.8809 1.8884 1.37857 4.64133 1.23437 -0.267676 -0.906653 0.500204 -0.162555 0.322984 -0.095921
4 2.4924 1.92172 3.76637 0.825366 2.85015 1.73371 3.15835 0.587963 1.18294 -0.642446 -0.0895823 0.191603
0 2.1608 2.07726 1.37483 3.06775 5.01062 -0.676237 0.824552 0.0250068 0.464145 -0.496729 -0.0673781 0.0700815
2 1.76895 -1.06261 -1.40666 2.79843 5.08344 1.12203 0.997685 2.0064 1.36573 -0.474455 0.233735 -0.0404458
0 2.55228 1.63484 1.49858 1.69129 5.01172 0.14452 -0.113303 -0.332832 -0.228126 -0.432603 -0.0318039 0.0226091
1 3.15844 1.87955 0.543909 1.30323 2.17302 -1.12296 0.150738 1.1613 1.45048 -0.48835 0.0453755 -0.00915456
0 2.71627 0.942991 1.44803 1.84034 2.77562 -1.83044 0.0204941 -0.728587 -0.572801 -0.530895 0.182566 0.101162
2 1.40111 0.113721 -1.41325 2.29061 5.5447 1.42053 2.37938 0.760114 0.903285 0.0585583 0.24952 0.0730364
4 2.09622 2.80008 4.18079 0.401041 4.354 2.72816 -1.13217 0.115505 0.523949 -0.0786631 0.281483 -0.0532633
0 -0.1357 -0.679233 3.5755 1.35184 3.60125 2.31593 1.83269 1.52635 -0.106502 0.4338 0.598039 0.124161
3 2.68904 2.53808 2.36184 2.36519 4.28368 0.42107 0.0477672 -0.361057 1.10748 -0.107498 -0.176452 -0.0450143
2 1.68726 0.460847 -1.06249 1.64339 4.63099 2.63937 1.7562 0.968016 1.4343 -0.342464 0.392728 -0.0265153
0 2.3262 2.1257 1.74353 4.02784 2.81376 -1.62309 -0.133607 0.00443213 0.750326 -0.917315 0.145874 0.0274483
1 1.91317 2.33056 1.20108 2.5274 2.01535 -0.516551 1.7987 0.728878 1.55132 -0.0230674 0.238707 0.0833206
0 2.80389 1.77628 1.27919 2.25749 3.7484 -1.26091 0.627664 -1.04895 -0.563288 -0.630094 0.228975 0.0880145
2 1.7307 -1.19679 -0.0987937 1.92136 5.08417 1.62755 1.43156 1.4447 1.29003 -0.321114 0.316776 0.0176749
4 1.60774 3.04824 3.75378 -0.0086166 4.43892 1.31995 1.8778 -1.36219 0.295423 0.345974 -0.0644582 0.130223
3 2.19179 2.22684 2.55648 2.77865 3.59089 -0.227114 2.12357 0.354513 0.904387 0.343881 0.0850216 0.129875
0 2.62401 1.29843 0.909705 3.9478 4.02267 -0.722031 -0.158855 -0.313063 0.6766 -0.736915 0.0289388 0.0124775
2 1.57146 -0.0570621 -2.4858 3.43483 4.45183 1.46823 2.18444 1.25362 0.984487 -0.255299 0.328307 -0.0152985
3 2.2963 3.96173 2.19533 3.31868 4.42614 -0.543818 0.0575254 -0.833187 0.593412 0.170517 -0.160717 -0.0594363
1 3.65578 1.43535 -0.78203 2.2792 1.49865 0.514867 -0.310182 0.915693 1.35094 -0.449205 -0.0206479 -0.0414598
0 3.00566 1.63012 1.7545 4.269 1.65043 -0.262601 0.461618 -0.723406 -0.00403302 -0.796728 0.218187 -0.0267645
2 1.70689 1.43772 -0.204828 1.35841 4.794 1.39948 2.22053 1.53951 1.69723 -0.243127 0.0408595 0.0701357
4 1.87079 3.23164 2.45693 2.11995 5.22255 0.763893 1.38923 0.969248 1.40646 -0.494067 0.114819 0.0231015
0 2.00807 1.53332 2.3556 1.87726 1.14937 -0.949122 0.724596 -0.571468 0.646653 -0.394875 0.183725 0.127726
0 2.74739 1.98374 0.793569 3.50179 4.54669 0.741231 -0.551497 0.326584 0.433065 -0.674079 0.0805561 -0.0195718
2 1.10464 -0.369363 -0.957235 2.5598 5.21767 2.73137 0.932337 0.707499 1.08971 -0.0636294 0.521507 -0.0218874
0 2.40049 2.08759 2.04328 3.21067 3.75253 -1.89183 0.989489 0.184987 0.918241 -0.191444 -0.0489716 0.125325
1 3.34171 1.17504 -0.184596 3.69425 0.702722 -1.68188 1.62648 0.446067 0.831374 -0.146037 0.19051 -0.0195907
0 3.09533 1.49927 1.50274 2.45728 3.3916 -1.71546 -1.09347 -0.232131 0.305693 -0.700786 0.13722 0.0567537
2 1.05978 -0.0393801 0.143228 1.00563 5.32079 2.11318 2.06783 0.645851 0.860075 0.158814 0.254382 0.0463385
4 2.89981 4.09605 3.298 1.49405 3.62942 2.20939 -0.375966 -2.24471 1.02002 -0.847516 0.484808 -0.0435891
4 2.0256 1.83855 4.66401 0.580861 3.96056 1.16034 1.64883 1.02043 0.341867 0.193229 0.0296329 0.10976
4 2.26661 3.86877 0.547827 4.69298 3.69328 -0.416802 0.43042 0.565986 0.928356 -0.250657 0.112853 -0.0192059
2 1.67662 -1.4443 -1.9321 4.65022 4.63464 -0.431814 1.87372 1.56214 1.08121 -0.516333 -0.0148065 0.0959207
3 3.42683 2.74603 0.491834 3.28262 5.17922 -0.690276 -0.583143 -0.512966 -0.0232683 -0.0759017 -0.203217 -0.0376433
1 3.63191 1.06801 -1.73303 1.36266 2.74168 -1.19954 0.50052 0.51577 1.3867 -0.273993 -0.144862 -0.0223382
0 3.27629 0.529947 0.228067 3.0889 2.35562 -1.6921 0.0650973 -0.942431 -0.26471 -0.694244 0.260454 0.105682
2 1.1326 -0.538396 -0.392537 3.4549 5.55384 1.51141 1.70599 0.118519 1.2613 0.247297 0.31483 0.104749
4 2.91631 2.30471 2.32731 1.25229 5.88669 0.566018 -0.178006 0.790997 0.176507 0.351212 -0.257365 -0.0808173
3 1.81255 0.865603 3.70251 2.19485 1.46648 0.0433812 2.64424 0.587915 0.692835 0.0671616 0.301261 0.148786
3 2.91786 3.29669 1.96365 3.61582 3.77782 0.831841 -1.27176 -0.0703766 0.904761 -0.421129 0.178554 -0.154189
2 2.07911 -0.199725 -2.49927 2.21301 5.51872 2.12785 0.821833 1.44576 1.33174 -0.318155 0.296993 -0.0989794
3 2.61841 2.88239 2.36264 3.7084 4.69183 -0.847119 -0.0347582 0.288828 0.554891 0.0370931 -0.238463 -0.0335558
1 3.63755 1.9947 0.187267 1.66465 1.54214 -2.33476 0.98852 0.557457 1.35082 -0.244987 0.102277 0.0789431
0 2.57785 2.07251 1.57756 2.59868 4.58012 -2.23669 0.283143 -0.267171 0.490957 -0.354309 -0.0990236 0.106699
2 1.74644 -0.463084 -0.980797 1.06956 6.66798 1.05662 1.45468 0.897714 0.982344 0.179386 0.116074 -0.0179004
4 1.45071 3.02243 5.07973 0.405877 5.04852 1.3845 0.330599 -1.66875 0.897186 0.432696 -0.106077 0.080983
4 2.04134 2.78112 3.16324 1.69519 3.96788 0.202973 2.90208 0.913468 0.433122 -0.13173 0.197002 0.114672
3 3.31707 2.81868 0.631558 4.95576 3.73005 -0.918088 -1.15647 -0.126995 0.0718922 -0.357059 -0.111947 -0.0436378
2 1.57656 0.558471 -2.66941 3.22877 5.55349 2.04073 1.58593 0.386918 1.44525 -0.0202667 0.358115 -0.0261778
4 1.59279 4.43082 2.29463 2.6995 5.22596 -0.287893 0.792895 0.241819 1.45655 -0.189144 0.0927028 -0.077955
1 2.88895 1.93631 -0.147534 1.74577 2.61993 0.0859047 1.45374 0.918526 1.08028 -0.791863 0.148603 0.0309544
0 2.86971 -0.173522 1.04688 4.46602 0.722911 -1.39187 0.688942 -1.50219 -0.139827 -0.553346 0.238536 -0.0483386
1 2.1258 1.60462 1.57396 1.2813 2.67665 0.649274 3.92124 1.55984 0.296238 -0.224578 0.396436 0.150468
4 2.52513 3.3378 3.17155 1.79833 4.86001 0.20977 -0.949538 0.225097 0.578874 -0.053104 -0.031631 -0.119288
2 2.32154 0.585273 1.83449 1.19566 1.88993 -0.188647 1.47919 1.06582 1.37839 0.452632 0.0706813 0.070695
0 2.61571 1.77647 1.43352 2.76814 3.63636 -0.0619791 -1.24478 0.602425 -0.0257906 -0.769735 0.112855 -0.0165235
2 1.16234 -0.322235 -1.40347 3.57606 4.57356 2.42227 1.27068 1.04069 0.892239 -0.0837011 0.525153 -0.00239195
0 1.91665 2.62951 2.83788 3.78015 1.69759 -1.36717 1.98009 0.657911 1.28756 -0.371067 0.157269 0.172823
1 3.84056 1.09131 -0.432893 2.29613 1.42926 -0.980296 1.41594 0.467532 1.06799 -0.370246 0.0964218 0.0195554
0 3.11983 1.8551 1.2697 1.3849 3.6892 -1.21402 -1.3986 -0.0591611 -0.272865 -0.594029 0.218763 0.020852
2 0.769429 -0.743578 0.0837698 1.51607 5.9669 1.38152 2.1719 0.32772 0.55232 0.372019 0.376822 0.0169508
4 2.04289 4.10431 3.34504 1.10167 4.81443 1.59128 -0.299417 -1.59494 0.722854 -0.387416 0.493823 -0.103195
4 2.10127 2.44557 3.79607 1.36939 3.94393 1.61045 1.9203 0.0436062 1.49753 -0.259233 -0.0478479 0.169794
0 1.9304 2.49173 0.881081 4.38517 4.58115 -1.42389 1.13128 0.0517631 0.630803 -0.61896 -0.00372889 0.0763357
2 1.65508 -1.10435 -1.96156 3.58292 5.86442 1.3251 0.947118 1.24379 1.28888 -0.244839 0.270471 0.00804179
3 2.83988 2.88162 1.43367 2.29975 6.14066 -0.751534 0.19934 -0.575671 0.24854 0.165402 -0.225295 -0.0294244
1 3.24603 1.81271 0.53072 0.160927 3.67765 -1.31138 0.569794 1.06463 1.14188 -0.259111 -0.129543 0.0102892
0 2.68383 0.931796 1.49804 3.49962 1.9338 -2.93122 -0.291345 -0.639355 -0.128455 -0.500642 0.0872857 0.0466741
2 1.54906 0.95632 -1.27072 2.30963 6.26617 0.777628 2.32356 0.931588 1.14374 0.173672 0.0533832 0.169669
4 2.66878 2.54668 3.35836 0.80487 5.61155 1.95521 -0.0465678 -0.382768 1.25058 -0.0815778 0.246459 0.0111299
4 0.728418 1.67668 3.58344 1.49299 2.02841 1.49627 2.64347 1.07092 1.18994 0.185078 0.434649 0.105596
4 2.5472 2.73671 3.73848 2.57968 3.80523 0.61525 -0.46685 -1.03055 2.06522 -0.535006 -0.176703 0.0120843
2 2.00866 -0.300611 -1.35716 1.43262 5.25737 3.35808 0.392688 0.712391 1.81881 -0.506957 0.515267 -0.0965247
0 2.78086 2.34158 1.55661 3.60902 3.5349 -2.55891 -0.409097 -0.566895 0.312788 -0.594077 0.093536 0.0276242
1 2.04309 3.04268 0.648224 2.10278 2.29431 -1.87042 2.42035 1.27713 0.966041 -0.465362 0.0888633 0.119569
0 3.15547 1.61464 0.795735 1.99474 4.56494 -2.03072 -0.0915994 -0.783221 -0.193198 -0.561639 -0.0203685 0.129669
2 1.64432 -1.86927 -0.103532 1.77042 5.85359 0.175989 1.94745 1.66243 0.799038 -0.340363 0.0883725 0.112316
4 1.90224 2.15087 4.87882 0.671847 4.67089 1.94643 1.33535 -1.3147 0.983868 0.699445 -0.154884 0.168329
3 2.72442 2.83528 1.88431 2.61102 4.82613 -0.657186 1.48133 0.734296 0.561318 0.193437 -0.330423 0.0973146
3 3.32822 1.65158 -0.166425 3.99173 4.01251 -1.66778 -0.0751982 -0.652387 0.101159 -0.435917 -0.109986 0.0578711
2 1.23343 0.805669 -1.41525 3.73402 5.38213 1.05885 1.82175 0.763931 1.42247 -0.0069589 0.266032 0.0812784
3 2.45099 3.6957 3.1237 2.71439 5.43376 -1.35478 0.107088 -0.547242 0.594574 0.280539 -0.393688 -0.0162212
1 3.33388 2.71089 -0.349052 2.94972 1.59816 -0.493174 0.34029 0.903377 1.34964 -0.187385 0.0554586 -0.012917
0 3.02157 1.61821 0.383979 5.25723 2.79485 -0.487261 0.474084 -0.105205 0.390699 -0.722816 0.0690043 -0.000204836
2 2.05963 0.73801 0.279713 2.44469 4.59597 0.782203 2.58524 1.43611 1.29334 0.132855 0.0191107 0.169481
4 1.14189 3.45289 4.24533 1.76753 5.28525 0.488997 0.652628 0.517151 1.24519 -0.13381 0.0321177 0.0365302
4 2.51854 1.88202 3.68799 1.58307 2.44317 0.129407 2.04439 0.177479 0.298368 0.0748557 0.263481 0.0957339
4 3.15948 2.45943 1.01241 3.20958 4.0995 2.09781 -0.0950931 0.63098 0.833167 -0.497303 0.173217 -0.0388247
2 0.833758 0.568477 -1.17477 3.07615 5.55725 2.60757 0.907074 0.149842 1.34323 0.142758 0.491495 -0.00951835
0 1.94193 3.16965 2.27235 3.65242 3.87287 -2.48756 0.680409 0.0468575 0.664645 -0.387458 -0.158387 0.0943304
1 3.16626 1.18032 -1.1066 3.60124 2.30911 -1.20073 1.40035 0.336918 0.945192 -0.599492 -0.0181838 0.0391362
0 3.09945 2.21519 1.55888 2.74426 4.03788 -0.995547 -0.629078 -0.534137 0.37247 -0.601677 0.0788962 -0.0174339
2 1.23729 0.0435386 -0.19388 1.48152 6.35047 2.32461 1.01368 0.508401 1.09343 0.207155 0.359552 0.045897
4 2.49404 2.92652 5.05694 1.72698 4.31997 2.11357 -0.201223 -2.96419 1.46658 -0.190994 0.0136566 0.0206956
4 3.01847 2.20106 4.02534 0.695981 4.5161 2.28861 0.646983 0.664607 1.09406 -0.19649 0.0396074 0.0691096
4 2.71054 3.35701 0.00435067 3.86541 5.03505 -0.921068 0.807319 0.424233 0.724222 -0.242864 -0.109289 0.0469443
2 1.97597 -0.692202 -2.92969 3.72532 5.79568 0.480997 2.0167 1.0761 1.35121 -0.290161 0.00462779 0.072945
3 3.74478 2.33141 1.76679 2.90983 5.40044 0.292003 -0.728488 -0.983846 0.917401 -0.526276 0.147089 -0.0825443
1 4.18546 1.66017 -1.28257 0.143237 3.36232 -1.08726 0.829315 0.622356 1.31219 0.0152933 -0.180258 0.00410145
0 3.3432 0.685149 -0.0192138 3.37555 2.85364 -2.95923 -0.763379 -1.13473 0.23148 -0.657891 -0.0433734 0.0630255
2 1.24175 0.147183 -0.679846 3.17227 6.79077 0.631565 1.60576 0.331957 1.41696 0.37879 0.180585 0.135065
4 2.41916 1.76533 3.61921 1.19004 7.1112 1.502 0.147774 1.84673 0.425771 0.329615 0.102377 -0.0191499
3 1.94316 1.03264 3.22536 3.19874 2.68551 -0.260417 2.9756 0.680229 0.557467 0.413408 0.27269 0.143846
3 3.23818 2.81286 2.0806 4.76712 4.24322 -0.119544 -1.19615 -0.298008 0.71183 -0.359298 0.0328263 -0.147302
2 2.16518 -0.838472 -1.94823 1.76507 6.17509 2.00177 0.313692 1.32935 1.47346 -0.294347 0.257753 -0.1023
3 2.61328 2.49751 2.76166 4.01251 5.87587 -1.94813 0.412652 0.424613 0.389626 0.309298 -0.35818 0.0218625
1 3.07746 2.87851 -0.470175 2.3603 2.96135 -1.62138 1.19608 0.650253 1.43615 -0.186412 -0.120938 0.0570761
3 2.92186 2.94621 1.11274 3.3072 5.18915 -2.09115 -0.0525457 -0.819085 0.321805 -0.0746636 -0.218107 0.0226806
2 2.26889 -1.39246 -0.813129 0.736211 7.30009 1.59308 0.592035 0.880579 1.1726 0.0665612 0.150793 0.0111837
4 1.77889 3.1258 5.73738 0.65885 6.12145 0.970824 0.45211 -1.83612 0.223696 1.12376 -0.346016 0.0160568
4 2.16061 3.6551 1.94197 2.49789 3.6963 0.528851 3.11874 0.649798 1.00566 -0.630545 0.118791 0.0635611
3 3.12537 2.64831 1.42018 5.15994 4.54631 -1.81473 -0.724815 -0.293207 0.504076 -0.238708 -0.201284 -0.0531829
2 1.91145 0.565588 -3.23931 2.59916 6.2867 1.04256 2.55042 0.452537 1.30124 -0.0950914 0.119871 0.088581
4 1.69764 4.42723 1.86459 3.22426 5.80811 -1.49168 1.09892 -0.00520902 1.17024 0.0971171 -0.138022 -0.028675
