1 3.15931
2 2.83512
3 2.72778
4 2.67496
5 2.64463
6 2.61833
7 2.60056
8 2.58758
9 2.57346
10 2.55707
11 2.54288
12 2.53596
13 2.53192
14 2.52888
15 2.52594
16 2.52331
17 2.52152
18 2.52004
19 2.51895
20 2.51793
21 2.51714
22 2.51655
23 2.51604
24 2.51571
25 2.51548
26 2.51534
27 2.51528
28 2.51526
29 2.51526
30 2.51526
31 2.51526
32 2.51526
33 2.51526
34 2.51526
35 2.51526
36 2.51526
37 2.51526
38 2.51526
39 2.51526
40 2.51526
41 2.51526
42 2.51526
43 2.51526
44 2.51526
45 2.51526
46 2.51526
47 2.51526
48 2.51526
49 2.51526
50 2.51526
